#--- Sun direction: 90 0 (-6.12323e-17 -1 -0)
7 1 1 100000 0
1547.52 0
0 0
1 0
1547.52 0
0 0
0 0
0 0
absorber 2 1.54752   0 0   0 0   0 0   0 0   0 0   0 0   0 0   0 0   0 0   0 0   0 0   -1 -1   -1 -1   -1 -1   -1 -1   -1 -1   -1 -1   -1 -1   -1 -1   -1 -1   -1 -1   -1 -1
mirror_plane 6 1.54752 100000   1 0   1547.52 0
2 6   0 0   0 0   0 0   0 0   0 0   0 0   0 0   0 0   0 0   0 0   -1 -1   -1 -1   -1 -1   -1 -1   -1 -1   -1 -1   -1 -1   -1 -1   -1 -1   -1 -1
#--- Sun direction: 90 0.5 (-6.123e-17 -0.999962 -0.00872654)
7 1 1 100000 0
1547.52 0
13.5403 0.455738
0.999962 1.17285e-09
1533.92 0.455738
0 0
0 0
0 0
absorber 2 1.54752   13.5403 0.455738   13.5403 0.455738   13.5403 0.455738   0 0   0 0   13.5403 0.455738   13.5403 0.455738   13.5403 0.455738   0 0   0 0   0.00874967 0.000294496   -1 -1   -1 -1   -1 -1   -1 -1   -1 -1   -1 -1   -1 -1   -1 -1   -1 -1   -1 -1   -1 -1
mirror_plane 6 1.54752 100000   0.999962 1.17285e-09   1533.92 0.455738
2 6   13.5403 0.455738   13.5403 0.455738   13.5403 0.455738   0 0   0 0   13.5403 0.455738   13.5403 0.455738   13.5403 0.455738   0 0   0 0   -1 -1   -1 -1   -1 -1   -1 -1   -1 -1   -1 -1   -1 -1   -1 -1   -1 -1   -1 -1
#--- Sun direction: 90 1 (-6.1223e-17 -0.999848 -0.0174524)
7 1 1 100000 0
1547.52 0
26.3967 0.633612
0.999848 0
1520.89 0.633612
0 0
0 0
0 0
absorber 2 1.54752   26.3967 0.633612   26.3967 0.633612   26.3967 0.633612   0 0   0 0   26.3967 0.633612   26.3967 0.633612   26.3967 0.633612   0 0   0 0   0.0170574 0.000409437   -1 -1   -1 -1   -1 -1   -1 -1   -1 -1   -1 -1   -1 -1   -1 -1   -1 -1   -1 -1   -1 -1
mirror_plane 6 1.54752 100000   0.999848 0   1520.89 0.633612
2 6   26.3967 0.633612   26.3967 0.633612   26.3967 0.633612   0 0   0 0   26.3967 0.633612   26.3967 0.633612   26.3967 0.633612   0 0   0 0   -1 -1   -1 -1   -1 -1   -1 -1   -1 -1   -1 -1   -1 -1   -1 -1   -1 -1   -1 -1
#--- Sun direction: 90 1.5 (-6.12114e-17 -0.999657 -0.0261769)
7 1 1 100000 0
1547.52 0
39.7731 0.774252
0.999657 1.8769e-09
1507.22 0.774252
0 0
0 0
0 0
absorber 2 1.54752   39.7731 0.774252   39.7731 0.774252   39.7731 0.774252   0 0   0 0   39.7731 0.774252   39.7731 0.774252   39.7731 0.774252   0 0   0 0   0.0257012 0.000500318   -1 -1   -1 -1   -1 -1   -1 -1   -1 -1   -1 -1   -1 -1   -1 -1   -1 -1   -1 -1   -1 -1
mirror_plane 6 1.54752 100000   0.999657 1.8769e-09   1507.22 0.774252
2 6   39.7731 0.774252   39.7731 0.774252   39.7731 0.774252   0 0   0 0   39.7731 0.774252   39.7731 0.774252   39.7731 0.774252   0 0   0 0   -1 -1   -1 -1   -1 -1   -1 -1   -1 -1   -1 -1   -1 -1   -1 -1   -1 -1   -1 -1
#--- Sun direction: 90 2 (-6.1195e-17 -0.999391 -0.0348995)
7 1 1 100000 0
1547.52 0
54.5787 0.902393
0.999391 1.57276e-09
1492 0.902393
0 0
0 0
0 0
absorber 2 1.54752   54.5787 0.902393   54.5787 0.902393   54.5787 0.902393   0 0   0 0   54.5787 0.902393   54.5787 0.902393   54.5787 0.902393   0 0   0 0   0.0352685 0.000583122   -1 -1   -1 -1   -1 -1   -1 -1   -1 -1   -1 -1   -1 -1   -1 -1   -1 -1   -1 -1   -1 -1
mirror_plane 6 1.54752 100000   0.999391 1.57276e-09   1492 0.902393
2 6   54.5787 0.902393   54.5787 0.902393   54.5787 0.902393   0 0   0 0   54.5787 0.902393   54.5787 0.902393   54.5787 0.902393   0 0   0 0   -1 -1   -1 -1   -1 -1   -1 -1   -1 -1   -1 -1   -1 -1   -1 -1   -1 -1   -1 -1
#--- Sun direction: 90 2.5 (-6.11741e-17 -0.999048 -0.0436194)
7 1 1 100000 0
1547.52 0
67.5623 0.999449
0.999048 9.48889e-10
1478.48 0.999449
0 0
0 0
0 0
absorber 2 1.54752   67.5623 0.999449   67.5623 0.999449   67.5623 0.999449   0 0   0 0   67.5623 0.999449   67.5623 0.999449   67.5623 0.999449   0 0   0 0   0.0436584 0.000645839   -1 -1   -1 -1   -1 -1   -1 -1   -1 -1   -1 -1   -1 -1   -1 -1   -1 -1   -1 -1   -1 -1
mirror_plane 6 1.54752 100000   0.999048 9.48889e-10   1478.48 0.999449
2 6   67.5623 0.999449   67.5623 0.999449   67.5623 0.999449   0 0   0 0   67.5623 0.999449   67.5623 0.999449   67.5623 0.999449   0 0   0 0   -1 -1   -1 -1   -1 -1   -1 -1   -1 -1   -1 -1   -1 -1   -1 -1   -1 -1   -1 -1
#--- Sun direction: 90 3 (-6.11484e-17 -0.99863 -0.052336)
7 1 1 100000 0
1547.52 0
81.968 1.09524
0.99863 0
1463.43 1.09524
0 0
0 0
0 0
absorber 2 1.54752   81.968 1.09524   81.968 1.09524   81.968 1.09524   0 0   0 0   81.968 1.09524   81.968 1.09524   81.968 1.09524   0 0   0 0   0.0529673 0.000707737   -1 -1   -1 -1   -1 -1   -1 -1   -1 -1   -1 -1   -1 -1   -1 -1   -1 -1   -1 -1   -1 -1
mirror_plane 6 1.54752 100000   0.99863 0   1463.43 1.09524
2 6   81.968 1.09524   81.968 1.09524   81.968 1.09524   0 0   0 0   81.968 1.09524   81.968 1.09524   81.968 1.09524   0 0   0 0   -1 -1   -1 -1   -1 -1   -1 -1   -1 -1   -1 -1   -1 -1   -1 -1   -1 -1   -1 -1
#--- Sun direction: 90 3.5 (-6.11181e-17 -0.998135 -0.0610485)
7 1 1 100000 0
1547.52 0
95.7209 1.17767
0.998135 3.08997e-10
1448.91 1.17767
0 0
0 0
0 0
absorber 2 1.54752   95.7209 1.17767   95.7209 1.17767   95.7209 1.17767   0 0   0 0   95.7209 1.17767   95.7209 1.17767   95.7209 1.17767   0 0   0 0   0.0618544 0.000761006   -1 -1   -1 -1   -1 -1   -1 -1   -1 -1   -1 -1   -1 -1   -1 -1   -1 -1   -1 -1   -1 -1
mirror_plane 6 1.54752 100000   0.998135 3.08997e-10   1448.91 1.17767
2 6   95.7209 1.17767   95.7209 1.17767   95.7209 1.17767   0 0   0 0   95.7209 1.17767   95.7209 1.17767   95.7209 1.17767   0 0   0 0   -1 -1   -1 -1   -1 -1   -1 -1   -1 -1   -1 -1   -1 -1   -1 -1   -1 -1   -1 -1
#--- Sun direction: 90 4 (-6.10832e-17 -0.997564 -0.0697565)
7 1 1 100000 0
1547.52 0
109.344 1.25237
0.997564 0
1434.41 1.25237
0 0
0 0
0 0
absorber 2 1.54752   109.344 1.25237   109.344 1.25237   109.344 1.25237   0 0   0 0   109.344 1.25237   109.344 1.25237   109.344 1.25237   0 0   0 0   0.0706575 0.000809277   -1 -1   -1 -1   -1 -1   -1 -1   -1 -1   -1 -1   -1 -1   -1 -1   -1 -1   -1 -1   -1 -1
mirror_plane 6 1.54752 100000   0.997564 0   1434.41 1.25237
2 6   109.344 1.25237   109.344 1.25237   109.344 1.25237   0 0   0 0   109.344 1.25237   109.344 1.25237   109.344 1.25237   0 0   0 0   -1 -1   -1 -1   -1 -1   -1 -1   -1 -1   -1 -1   -1 -1   -1 -1   -1 -1   -1 -1
#--- Sun direction: 90 4.5 (-6.10436e-17 -0.996917 -0.0784591)
7 1 1 100000 0
1547.52 0
122.664 1.31982
0.996917 0
1420.09 1.31982
0 0
0 0
0 0
absorber 2 1.54752   122.664 1.31982   122.664 1.31982   122.664 1.31982   0 0   0 0   122.664 1.31982   122.664 1.31982   122.664 1.31982   0 0   0 0   0.0792649 0.000852864   -1 -1   -1 -1   -1 -1   -1 -1   -1 -1   -1 -1   -1 -1   -1 -1   -1 -1   -1 -1   -1 -1
mirror_plane 6 1.54752 100000   0.996917 0   1420.09 1.31982
2 6   122.664 1.31982   122.664 1.31982   122.664 1.31982   0 0   0 0   122.664 1.31982   122.664 1.31982   122.664 1.31982   0 0   0 0   -1 -1   -1 -1   -1 -1   -1 -1   -1 -1   -1 -1   -1 -1   -1 -1   -1 -1   -1 -1
#--- Sun direction: 90 5 (-6.09993e-17 -0.996195 -0.0871557)
7 1 1 100000 0
1547.52 0
136.959 1.38702
0.996195 4.38256e-10
1404.67 1.38702
0 0
0 0
0 0
absorber 2 1.54752   136.959 1.38702   136.959 1.38702   136.959 1.38702   0 0   0 0   136.959 1.38702   136.959 1.38702   136.959 1.38702   0 0   0 0   0.0885019 0.000896284   -1 -1   -1 -1   -1 -1   -1 -1   -1 -1   -1 -1   -1 -1   -1 -1   -1 -1   -1 -1   -1 -1
mirror_plane 6 1.54752 100000   0.996195 4.38256e-10   1404.67 1.38702
2 6   136.959 1.38702   136.959 1.38702   136.959 1.38702   0 0   0 0   136.959 1.38702   136.959 1.38702   136.959 1.38702   0 0   0 0   -1 -1   -1 -1   -1 -1   -1 -1   -1 -1   -1 -1   -1 -1   -1 -1   -1 -1   -1 -1
#--- Sun direction: 90 5.5 (-6.09504e-17 -0.995396 -0.0958458)
7 1 1 100000 0
1547.52 0
150.404 1.44589
0.995396 1.28228e-09
1389.99 1.44589
0 0
0 0
0 0
absorber 2 1.54752   150.404 1.44589   150.404 1.44589   150.404 1.44589   0 0   0 0   150.404 1.44589   150.404 1.44589   150.404 1.44589   0 0   0 0   0.0971905 0.000934329   -1 -1   -1 -1   -1 -1   -1 -1   -1 -1   -1 -1   -1 -1   -1 -1   -1 -1   -1 -1   -1 -1
mirror_plane 6 1.54752 100000   0.995396 1.28228e-09   1389.99 1.44589
2 6   150.404 1.44589   150.404 1.44589   150.404 1.44589   0 0   0 0   150.404 1.44589   150.404 1.44589   150.404 1.44589   0 0   0 0   -1 -1   -1 -1   -1 -1   -1 -1   -1 -1   -1 -1   -1 -1   -1 -1   -1 -1   -1 -1
#--- Sun direction: 90 6 (-6.08969e-17 -0.994522 -0.104528)
7 1 1 100000 0
1547.52 0
163.077 1.49796
0.994522 0
1375.97 1.49796
0 0
0 0
0 0
absorber 2 1.54752   163.077 1.49796   163.077 1.49796   163.077 1.49796   0 0   0 0   163.077 1.49796   163.077 1.49796   163.077 1.49796   0 0   0 0   0.10538 0.000967974   -1 -1   -1 -1   -1 -1   -1 -1   -1 -1   -1 -1   -1 -1   -1 -1   -1 -1   -1 -1   -1 -1
mirror_plane 6 1.54752 100000   0.994522 0   1375.97 1.49796
2 6   163.077 1.49796   163.077 1.49796   163.077 1.49796   0 0   0 0   163.077 1.49796   163.077 1.49796   163.077 1.49796   0 0   0 0   -1 -1   -1 -1   -1 -1   -1 -1   -1 -1   -1 -1   -1 -1   -1 -1   -1 -1   -1 -1
#--- Sun direction: 90 6.5 (-6.08387e-17 -0.993572 -0.113203)
7 1 1 100000 0
1547.52 0
176.083 1.54834
0.993572 0
1361.49 1.54834
0 0
0 0
0 0
absorber 2 1.54752   176.083 1.54834   176.083 1.54834   176.083 1.54834   0 0   0 0   176.083 1.54834   176.083 1.54834   176.083 1.54834   0 0   0 0   0.113784 0.00100053   -1 -1   -1 -1   -1 -1   -1 -1   -1 -1   -1 -1   -1 -1   -1 -1   -1 -1   -1 -1   -1 -1
mirror_plane 6 1.54752 100000   0.993572 0   1361.49 1.54834
2 6   176.083 1.54834   176.083 1.54834   176.083 1.54834   0 0   0 0   176.083 1.54834   176.083 1.54834   176.083 1.54834   0 0   0 0   -1 -1   -1 -1   -1 -1   -1 -1   -1 -1   -1 -1   -1 -1   -1 -1   -1 -1   -1 -1
#--- Sun direction: 90 7 (-6.07759e-17 -0.992546 -0.121869)
7 1 1 100000 0
1547.52 0
188.174 1.59255
0.992546 0
1347.81 1.59255
0 0
0 0
0 0
absorber 2 1.54752   188.174 1.59255   188.174 1.59255   188.174 1.59255   0 0   0 0   188.174 1.59255   188.174 1.59255   188.174 1.59255   0 0   0 0   0.121597 0.0010291   -1 -1   -1 -1   -1 -1   -1 -1   -1 -1   -1 -1   -1 -1   -1 -1   -1 -1   -1 -1   -1 -1
mirror_plane 6 1.54752 100000   0.992546 0   1347.81 1.59255
2 6   188.174 1.59255   188.174 1.59255   188.174 1.59255   0 0   0 0   188.174 1.59255   188.174 1.59255   188.174 1.59255   0 0   0 0   -1 -1   -1 -1   -1 -1   -1 -1   -1 -1   -1 -1   -1 -1   -1 -1   -1 -1   -1 -1
#--- Sun direction: 90 7.5 (-6.07085e-17 -0.991445 -0.130526)
7 1 1 100000 0
1547.52 0
200.883 1.63663
0.991445 0
1333.4 1.63663
0 0
0 0
0 0
absorber 2 1.54752   200.883 1.63663   200.883 1.63663   200.883 1.63663   0 0   0 0   200.883 1.63663   200.883 1.63663   200.883 1.63663   0 0   0 0   0.12981 0.00105759   -1 -1   -1 -1   -1 -1   -1 -1   -1 -1   -1 -1   -1 -1   -1 -1   -1 -1   -1 -1   -1 -1
mirror_plane 6 1.54752 100000   0.991445 0   1333.4 1.63663
2 6   200.883 1.63663   200.883 1.63663   200.883 1.63663   0 0   0 0   200.883 1.63663   200.883 1.63663   200.883 1.63663   0 0   0 0   -1 -1   -1 -1   -1 -1   -1 -1   -1 -1   -1 -1   -1 -1   -1 -1   -1 -1   -1 -1
#--- Sun direction: 90 8 (-6.06364e-17 -0.990268 -0.139173)
7 1 1 100000 0
1547.52 0
214.223 1.68046
0.990268 1.60905e-09
1318.24 1.68046
0 0
0 0
0 0
absorber 2 1.54752   214.223 1.68046   214.223 1.68046   214.223 1.68046   0 0   0 0   214.223 1.68046   214.223 1.68046   214.223 1.68046   0 0   0 0   0.13843 0.00108591   -1 -1   -1 -1   -1 -1   -1 -1   -1 -1   -1 -1   -1 -1   -1 -1   -1 -1   -1 -1   -1 -1
mirror_plane 6 1.54752 100000   0.990268 1.60905e-09   1318.24 1.68046
2 6   214.223 1.68046   214.223 1.68046   214.223 1.68046   0 0   0 0   214.223 1.68046   214.223 1.68046   214.223 1.68046   0 0   0 0   -1 -1   -1 -1   -1 -1   -1 -1   -1 -1   -1 -1   -1 -1   -1 -1   -1 -1   -1 -1
#--- Sun direction: 90 8.5 (-6.05598e-17 -0.989016 -0.147809)
7 1 1 100000 0
1547.52 0
227.527 1.72182
0.989016 0
1302.99 1.72182
0 0
0 0
0 0
absorber 2 1.54752   227.527 1.72182   227.527 1.72182   227.527 1.72182   0 0   0 0   227.527 1.72182   227.527 1.72182   227.527 1.72182   0 0   0 0   0.147027 0.00111263   -1 -1   -1 -1   -1 -1   -1 -1   -1 -1   -1 -1   -1 -1   -1 -1   -1 -1   -1 -1   -1 -1
mirror_plane 6 1.54752 100000   0.989016 0   1302.99 1.72182
2 6   227.527 1.72182   227.527 1.72182   227.527 1.72182   0 0   0 0   227.527 1.72182   227.527 1.72182   227.527 1.72182   0 0   0 0   -1 -1   -1 -1   -1 -1   -1 -1   -1 -1   -1 -1   -1 -1   -1 -1   -1 -1   -1 -1
#--- Sun direction: 90 9 (-6.04785e-17 -0.987688 -0.156434)
7 1 1 100000 0
1547.52 0
241.528 1.76304
0.987688 0
1286.94 1.76304
0 0
0 0
0 0
absorber 2 1.54752   241.528 1.76304   241.528 1.76304   241.528 1.76304   0 0   0 0   241.528 1.76304   241.528 1.76304   241.528 1.76304   0 0   0 0   0.156075 0.00113927   -1 -1   -1 -1   -1 -1   -1 -1   -1 -1   -1 -1   -1 -1   -1 -1   -1 -1   -1 -1   -1 -1
mirror_plane 6 1.54752 100000   0.987688 0   1286.94 1.76304
2 6   241.528 1.76304   241.528 1.76304   241.528 1.76304   0 0   0 0   241.528 1.76304   241.528 1.76304   241.528 1.76304   0 0   0 0   -1 -1   -1 -1   -1 -1   -1 -1   -1 -1   -1 -1   -1 -1   -1 -1   -1 -1   -1 -1
#--- Sun direction: 90 9.5 (-6.03926e-17 -0.986286 -0.165048)
7 1 1 100000 0
1547.52 0
254.449 1.79894
0.986286 1.32193e-09
1271.85 1.79894
0 0
0 0
0 0
absorber 2 1.54752   254.449 1.79894   254.449 1.79894   254.449 1.79894   0 0   0 0   254.449 1.79894   254.449 1.79894   254.449 1.79894   0 0   0 0   0.164424 0.00116247   -1 -1   -1 -1   -1 -1   -1 -1   -1 -1   -1 -1   -1 -1   -1 -1   -1 -1   -1 -1   -1 -1
mirror_plane 6 1.54752 100000   0.986286 1.32193e-09   1271.85 1.79894
2 6   254.449 1.79894   254.449 1.79894   254.449 1.79894   0 0   0 0   254.449 1.79894   254.449 1.79894   254.449 1.79894   0 0   0 0   -1 -1   -1 -1   -1 -1   -1 -1   -1 -1   -1 -1   -1 -1   -1 -1   -1 -1   -1 -1
#--- Sun direction: 90 10 (-6.03021e-17 -0.984808 -0.173648)
7 1 1 100000 0
1547.52 0
267.753 1.83403
0.984808 1.59728e-09
1256.26 1.83403
0 0
0 0
0 0
absorber 2 1.54752   267.753 1.83403   267.753 1.83403   267.753 1.83403   0 0   0 0   267.753 1.83403   267.753 1.83403   267.753 1.83403   0 0   0 0   0.173021 0.00118514   -1 -1   -1 -1   -1 -1   -1 -1   -1 -1   -1 -1   -1 -1   -1 -1   -1 -1   -1 -1   -1 -1
mirror_plane 6 1.54752 100000   0.984808 1.59728e-09   1256.26 1.83403
2 6   267.753 1.83403   267.753 1.83403   267.753 1.83403   0 0   0 0   267.753 1.83403   267.753 1.83403   267.753 1.83403   0 0   0 0   -1 -1   -1 -1   -1 -1   -1 -1   -1 -1   -1 -1   -1 -1   -1 -1   -1 -1   -1 -1
#--- Sun direction: 90 10.5 (-6.0207e-17 -0.983255 -0.182236)
7 1 1 100000 0
1547.52 0
281.786 1.86913
0.983255 1.47627e-09
1239.82 1.86913
0 0
0 0
0 0
absorber 2 1.54752   281.786 1.86913   281.786 1.86913   281.786 1.86913   0 0   0 0   281.786 1.86913   281.786 1.86913   281.786 1.86913   0 0   0 0   0.182089 0.00120782   -1 -1   -1 -1   -1 -1   -1 -1   -1 -1   -1 -1   -1 -1   -1 -1   -1 -1   -1 -1   -1 -1
mirror_plane 6 1.54752 100000   0.983255 1.47627e-09   1239.82 1.86913
2 6   281.786 1.86913   281.786 1.86913   281.786 1.86913   0 0   0 0   281.786 1.86913   281.786 1.86913   281.786 1.86913   0 0   0 0   -1 -1   -1 -1   -1 -1   -1 -1   -1 -1   -1 -1   -1 -1   -1 -1   -1 -1   -1 -1
#--- Sun direction: 90 11 (-6.01073e-17 -0.981627 -0.190809)
7 1 1 100000 0
1547.52 0
296.754 1.90455
0.981627 0
1222.33 1.90455
0 0
0 0
0 0
absorber 2 1.54752   296.754 1.90455   296.754 1.90455   296.754 1.90455   0 0   0 0   296.754 1.90455   296.754 1.90455   296.754 1.90455   0 0   0 0   0.191761 0.00123071   -1 -1   -1 -1   -1 -1   -1 -1   -1 -1   -1 -1   -1 -1   -1 -1   -1 -1   -1 -1   -1 -1
mirror_plane 6 1.54752 100000   0.981627 0   1222.33 1.90455
2 6   296.754 1.90455   296.754 1.90455   296.754 1.90455   0 0   0 0   296.754 1.90455   296.754 1.90455   296.754 1.90455   0 0   0 0   -1 -1   -1 -1   -1 -1   -1 -1   -1 -1   -1 -1   -1 -1   -1 -1   -1 -1   -1 -1
#--- Sun direction: 90 11.5 (-6.00031e-17 -0.979925 -0.199368)
7 1 1 100000 0
1547.52 0
310.19 1.93435
0.979925 0
1206.26 1.93435
0 0
0 0
0 0
absorber 2 1.54752   310.19 1.93435   310.19 1.93435   310.19 1.93435   0 0   0 0   310.19 1.93435   310.19 1.93435   310.19 1.93435   0 0   0 0   0.200444 0.00124997   -1 -1   -1 -1   -1 -1   -1 -1   -1 -1   -1 -1   -1 -1   -1 -1   -1 -1   -1 -1   -1 -1
mirror_plane 6 1.54752 100000   0.979925 0   1206.26 1.93435
2 6   310.19 1.93435   310.19 1.93435   310.19 1.93435   0 0   0 0   310.19 1.93435   310.19 1.93435   310.19 1.93435   0 0   0 0   -1 -1   -1 -1   -1 -1   -1 -1   -1 -1   -1 -1   -1 -1   -1 -1   -1 -1   -1 -1
#--- Sun direction: 90 12 (-5.98943e-17 -0.978148 -0.207912)
7 1 1 100000 0
1547.52 0
322.525 1.96006
0.978148 5.75193e-10
1191.18 1.96006
0 0
0 0
0 0
absorber 2 1.54752   322.525 1.96006   322.525 1.96006   322.525 1.96006   0 0   0 0   322.525 1.96006   322.525 1.96006   322.525 1.96006   0 0   0 0   0.208414 0.00126658   -1 -1   -1 -1   -1 -1   -1 -1   -1 -1   -1 -1   -1 -1   -1 -1   -1 -1   -1 -1   -1 -1
mirror_plane 6 1.54752 100000   0.978148 5.75193e-10   1191.18 1.96006
2 6   322.525 1.96006   322.525 1.96006   322.525 1.96006   0 0   0 0   322.525 1.96006   322.525 1.96006   322.525 1.96006   0 0   0 0   -1 -1   -1 -1   -1 -1   -1 -1   -1 -1   -1 -1   -1 -1   -1 -1   -1 -1   -1 -1
#--- Sun direction: 90 12.5 (-5.97809e-17 -0.976296 -0.21644)
7 1 1 100000 0
1547.52 0
336.222 1.98729
0.976296 0
1174.62 1.98729
0 0
0 0
0 0
absorber 2 1.54752   336.222 1.98729   336.222 1.98729   336.222 1.98729   0 0   0 0   336.222 1.98729   336.222 1.98729   336.222 1.98729   0 0   0 0   0.217265 0.00128418   -1 -1   -1 -1   -1 -1   -1 -1   -1 -1   -1 -1   -1 -1   -1 -1   -1 -1   -1 -1   -1 -1
mirror_plane 6 1.54752 100000   0.976296 0   1174.62 1.98729
2 6   336.222 1.98729   336.222 1.98729   336.222 1.98729   0 0   0 0   336.222 1.98729   336.222 1.98729   336.222 1.98729   0 0   0 0   -1 -1   -1 -1   -1 -1   -1 -1   -1 -1   -1 -1   -1 -1   -1 -1   -1 -1   -1 -1
#--- Sun direction: 90 13 (-5.9663e-17 -0.97437 -0.224951)
7 1 1 100000 0
1547.52 0
348.662 2.01039
0.97437 1.13582e-09
1159.2 2.01039
0 0
0 0
0 0
absorber 2 1.54752   348.662 2.01039   348.662 2.01039   348.662 2.01039   0 0   0 0   348.662 2.01039   348.662 2.01039   348.662 2.01039   0 0   0 0   0.225304 0.0012991   -1 -1   -1 -1   -1 -1   -1 -1   -1 -1   -1 -1   -1 -1   -1 -1   -1 -1   -1 -1   -1 -1
mirror_plane 6 1.54752 100000   0.97437 1.13582e-09   1159.2 2.01039
2 6   348.662 2.01039   348.662 2.01039   348.662 2.01039   0 0   0 0   348.662 2.01039   348.662 2.01039   348.662 2.01039   0 0   0 0   -1 -1   -1 -1   -1 -1   -1 -1   -1 -1   -1 -1   -1 -1   -1 -1   -1 -1   -1 -1
#--- Sun direction: 90 13.5 (-5.95405e-17 -0.97237 -0.233445)
7 1 1 100000 0
1547.52 0
361.986 2.03388
0.97237 1.67033e-09
1142.78 2.03388
0 0
0 0
0 0
absorber 2 1.54752   361.986 2.03388   361.986 2.03388   361.986 2.03388   0 0   0 0   361.986 2.03388   361.986 2.03388   361.986 2.03388   0 0   0 0   0.233913 0.00131429   -1 -1   -1 -1   -1 -1   -1 -1   -1 -1   -1 -1   -1 -1   -1 -1   -1 -1   -1 -1   -1 -1
mirror_plane 6 1.54752 100000   0.97237 1.67033e-09   1142.78 2.03388
2 6   361.986 2.03388   361.986 2.03388   361.986 2.03388   0 0   0 0   361.986 2.03388   361.986 2.03388   361.986 2.03388   0 0   0 0   -1 -1   -1 -1   -1 -1   -1 -1   -1 -1   -1 -1   -1 -1   -1 -1   -1 -1   -1 -1
#--- Sun direction: 90 14 (-5.94135e-17 -0.970296 -0.241922)
7 1 1 100000 0
1547.52 0
375.628 2.05652
0.970296 0
1125.92 2.05652
0 0
0 0
0 0
absorber 2 1.54752   375.628 2.05652   375.628 2.05652   375.628 2.05652   0 0   0 0   375.628 2.05652   375.628 2.05652   375.628 2.05652   0 0   0 0   0.242729 0.00132892   -1 -1   -1 -1   -1 -1   -1 -1   -1 -1   -1 -1   -1 -1   -1 -1   -1 -1   -1 -1   -1 -1
mirror_plane 6 1.54752 100000   0.970296 0   1125.92 2.05652
2 6   375.628 2.05652   375.628 2.05652   375.628 2.05652   0 0   0 0   375.628 2.05652   375.628 2.05652   375.628 2.05652   0 0   0 0   -1 -1   -1 -1   -1 -1   -1 -1   -1 -1   -1 -1   -1 -1   -1 -1   -1 -1   -1 -1
#--- Sun direction: 90 14.5 (-5.92819e-17 -0.968148 -0.25038)
7 1 1 100000 0
1547.52 0
388.865 2.077
0.968148 0
1109.36 2.077
0 0
0 0
0 0
absorber 2 1.54752   388.865 2.077   388.865 2.077   388.865 2.077   0 0   0 0   388.865 2.077   388.865 2.077   388.865 2.077   0 0   0 0   0.251283 0.00134215   -1 -1   -1 -1   -1 -1   -1 -1   -1 -1   -1 -1   -1 -1   -1 -1   -1 -1   -1 -1   -1 -1
mirror_plane 6 1.54752 100000   0.968148 0   1109.36 2.077
2 6   388.865 2.077   388.865 2.077   388.865 2.077   0 0   0 0   388.865 2.077   388.865 2.077   388.865 2.077   0 0   0 0   -1 -1   -1 -1   -1 -1   -1 -1   -1 -1   -1 -1   -1 -1   -1 -1   -1 -1   -1 -1
#--- Sun direction: 90 15 (-5.91459e-17 -0.965926 -0.258819)
7 1 1 100000 0
1547.52 0
403.16 2.09786
0.965926 8.90337e-10
1091.63 2.09786
0 0
0 0
0 0
absorber 2 1.54752   403.16 2.09786   403.16 2.09786   403.16 2.09786   0 0   0 0   403.16 2.09786   403.16 2.09786   403.16 2.09786   0 0   0 0   0.26052 0.00135563   -1 -1   -1 -1   -1 -1   -1 -1   -1 -1   -1 -1   -1 -1   -1 -1   -1 -1   -1 -1   -1 -1
mirror_plane 6 1.54752 100000   0.965926 8.90337e-10   1091.63 2.09786
2 6   403.16 2.09786   403.16 2.09786   403.16 2.09786   0 0   0 0   403.16 2.09786   403.16 2.09786   403.16 2.09786   0 0   0 0   -1 -1   -1 -1   -1 -1   -1 -1   -1 -1   -1 -1   -1 -1   -1 -1   -1 -1   -1 -1
#--- Sun direction: 90 15.5 (-5.90053e-17 -0.96363 -0.267238)
7 1 1 100000 0
1547.52 0
417.159 2.11675
0.96363 8.24292e-10
1074.08 2.11675
0 0
0 0
0 0
absorber 2 1.54752   417.159 2.11675   417.159 2.11675   417.159 2.11675   0 0   0 0   417.159 2.11675   417.159 2.11675   417.159 2.11675   0 0   0 0   0.269566 0.00136783   -1 -1   -1 -1   -1 -1   -1 -1   -1 -1   -1 -1   -1 -1   -1 -1   -1 -1   -1 -1   -1 -1
mirror_plane 6 1.54752 100000   0.96363 8.24292e-10   1074.08 2.11675
2 6   417.159 2.11675   417.159 2.11675   417.159 2.11675   0 0   0 0   417.159 2.11675   417.159 2.11675   417.159 2.11675   0 0   0 0   -1 -1   -1 -1   -1 -1   -1 -1   -1 -1   -1 -1   -1 -1   -1 -1   -1 -1   -1 -1
#--- Sun direction: 90 16 (-5.88603e-17 -0.961262 -0.275637)
7 1 1 100000 0
1547.52 0
430.682 2.1335
0.961262 0
1056.89 2.1335
0 0
0 0
0 0
absorber 2 1.54752   430.682 2.1335   430.682 2.1335   430.682 2.1335   0 0   0 0   430.682 2.1335   430.682 2.1335   430.682 2.1335   0 0   0 0   0.278304 0.00137866   -1 -1   -1 -1   -1 -1   -1 -1   -1 -1   -1 -1   -1 -1   -1 -1   -1 -1   -1 -1   -1 -1
mirror_plane 6 1.54752 100000   0.961262 0   1056.89 2.1335
2 6   430.682 2.1335   430.682 2.1335   430.682 2.1335   0 0   0 0   430.682 2.1335   430.682 2.1335   430.682 2.1335   0 0   0 0   -1 -1   -1 -1   -1 -1   -1 -1   -1 -1   -1 -1   -1 -1   -1 -1   -1 -1   -1 -1
#--- Sun direction: 90 16.5 (-5.87108e-17 -0.95882 -0.284015)
7 1 1 100000 0
1547.52 0
443.001 2.14726
0.95882 8.81565e-10
1040.79 2.14726
0 0
0 0
0 0
absorber 2 1.54752   443.001 2.14726   443.001 2.14726   443.001 2.14726   0 0   0 0   443.001 2.14726   443.001 2.14726   443.001 2.14726   0 0   0 0   0.286265 0.00138755   -1 -1   -1 -1   -1 -1   -1 -1   -1 -1   -1 -1   -1 -1   -1 -1   -1 -1   -1 -1   -1 -1
mirror_plane 6 1.54752 100000   0.95882 8.81565e-10   1040.79 2.14726
2 6   443.001 2.14726   443.001 2.14726   443.001 2.14726   0 0   0 0   443.001 2.14726   443.001 2.14726   443.001 2.14726   0 0   0 0   -1 -1   -1 -1   -1 -1   -1 -1   -1 -1   -1 -1   -1 -1   -1 -1   -1 -1   -1 -1
#--- Sun direction: 90 17 (-5.85568e-17 -0.956305 -0.292372)
7 1 1 100000 0
1547.52 0
457.275 2.16245
0.956305 2.15346e-09
1022.63 2.16245
0 0
0 0
0 0
absorber 2 1.54752   457.275 2.16245   457.275 2.16245   457.275 2.16245   0 0   0 0   457.275 2.16245   457.275 2.16245   457.275 2.16245   0 0   0 0   0.295489 0.00139737   -1 -1   -1 -1   -1 -1   -1 -1   -1 -1   -1 -1   -1 -1   -1 -1   -1 -1   -1 -1   -1 -1
mirror_plane 6 1.54752 100000   0.956305 2.15346e-09   1022.63 2.16245
2 6   457.275 2.16245   457.275 2.16245   457.275 2.16245   0 0   0 0   457.275 2.16245   457.275 2.16245   457.275 2.16245   0 0   0 0   -1 -1   -1 -1   -1 -1   -1 -1   -1 -1   -1 -1   -1 -1   -1 -1   -1 -1   -1 -1
#--- Sun direction: 90 17.5 (-5.83983e-17 -0.953717 -0.300706)
7 1 1 100000 0
1547.52 0
468.907 2.17298
0.953717 1.52473e-09
1006.99 2.17298
0 0
0 0
0 0
absorber 2 1.54752   468.907 2.17298   468.907 2.17298   468.907 2.17298   0 0   0 0   468.907 2.17298   468.907 2.17298   468.907 2.17298   0 0   0 0   0.303005 0.00140417   -1 -1   -1 -1   -1 -1   -1 -1   -1 -1   -1 -1   -1 -1   -1 -1   -1 -1   -1 -1   -1 -1
mirror_plane 6 1.54752 100000   0.953717 1.52473e-09   1006.99 2.17298
2 6   468.907 2.17298   468.907 2.17298   468.907 2.17298   0 0   0 0   468.907 2.17298   468.907 2.17298   468.907 2.17298   0 0   0 0   -1 -1   -1 -1   -1 -1   -1 -1   -1 -1   -1 -1   -1 -1   -1 -1   -1 -1   -1 -1
#--- Sun direction: 90 18 (-5.82354e-17 -0.951057 -0.309017)
7 1 1 100000 0
1547.52 0
481.846 2.18402
0.951057 1.75935e-09
989.933 2.18402
0 0
0 0
0 0
absorber 2 1.54752   481.846 2.18402   481.846 2.18402   481.846 2.18402   0 0   0 0   481.846 2.18402   481.846 2.18402   481.846 2.18402   0 0   0 0   0.311366 0.0014113   -1 -1   -1 -1   -1 -1   -1 -1   -1 -1   -1 -1   -1 -1   -1 -1   -1 -1   -1 -1   -1 -1
mirror_plane 6 1.54752 100000   0.951057 1.75935e-09   989.933 2.18402
2 6   481.846 2.18402   481.846 2.18402   481.846 2.18402   0 0   0 0   481.846 2.18402   481.846 2.18402   481.846 2.18402   0 0   0 0   -1 -1   -1 -1   -1 -1   -1 -1   -1 -1   -1 -1   -1 -1   -1 -1   -1 -1   -1 -1
#--- Sun direction: 90 18.5 (-5.80681e-17 -0.948324 -0.317305)
7 1 1 100000 0
1547.52 0
496.149 2.19536
0.948324 1.70454e-09
971.401 2.19536
0 0
0 0
0 0
absorber 2 1.54752   496.149 2.19536   496.149 2.19536   496.149 2.19536   0 0   0 0   496.149 2.19536   496.149 2.19536   496.149 2.19536   0 0   0 0   0.320609 0.00141863   -1 -1   -1 -1   -1 -1   -1 -1   -1 -1   -1 -1   -1 -1   -1 -1   -1 -1   -1 -1   -1 -1
mirror_plane 6 1.54752 100000   0.948324 1.70454e-09   971.401 2.19536
2 6   496.149 2.19536   496.149 2.19536   496.149 2.19536   0 0   0 0   496.149 2.19536   496.149 2.19536   496.149 2.19536   0 0   0 0   -1 -1   -1 -1   -1 -1   -1 -1   -1 -1   -1 -1   -1 -1   -1 -1   -1 -1   -1 -1
#--- Sun direction: 90 19 (-5.78963e-17 -0.945519 -0.325568)
7 1 1 100000 0
1547.52 0
509.533 2.20438
0.945519 0
953.676 2.20438
0 0
0 0
0 0
absorber 2 1.54752   509.533 2.20438   509.533 2.20438   509.533 2.20438   0 0   0 0   509.533 2.20438   509.533 2.20438   509.533 2.20438   0 0   0 0   0.329258 0.00142446   -1 -1   -1 -1   -1 -1   -1 -1   -1 -1   -1 -1   -1 -1   -1 -1   -1 -1   -1 -1   -1 -1
mirror_plane 6 1.54752 100000   0.945519 0   953.676 2.20438
2 6   509.533 2.20438   509.533 2.20438   509.533 2.20438   0 0   0 0   509.533 2.20438   509.533 2.20438   509.533 2.20438   0 0   0 0   -1 -1   -1 -1   -1 -1   -1 -1   -1 -1   -1 -1   -1 -1   -1 -1   -1 -1   -1 -1
#--- Sun direction: 90 19.5 (-5.77201e-17 -0.942641 -0.333807)
7 1 1 100000 0
1547.52 0
521.578 2.21091
0.942641 0
937.178 2.21091
0 0
0 0
0 0
absorber 2 1.54752   521.578 2.21091   521.578 2.21091   521.578 2.21091   0 0   0 0   521.578 2.21091   521.578 2.21091   521.578 2.21091   0 0   0 0   0.337041 0.00142868   -1 -1   -1 -1   -1 -1   -1 -1   -1 -1   -1 -1   -1 -1   -1 -1   -1 -1   -1 -1   -1 -1
mirror_plane 6 1.54752 100000   0.942641 0   937.178 2.21091
2 6   521.578 2.21091   521.578 2.21091   521.578 2.21091   0 0   0 0   521.578 2.21091   521.578 2.21091   521.578 2.21091   0 0   0 0   -1 -1   -1 -1   -1 -1   -1 -1   -1 -1   -1 -1   -1 -1   -1 -1   -1 -1   -1 -1
#--- Sun direction: 90 20 (-5.75396e-17 -0.939693 -0.34202)
7 1 1 100000 0
1547.52 0
535.07 2.21765
0.939693 5.50537e-10
919.123 2.21765
0 0
0 0
0 0
absorber 2 1.54752   535.07 2.21765   535.07 2.21765   535.07 2.21765   0 0   0 0   535.07 2.21765   535.07 2.21765   535.07 2.21765   0 0   0 0   0.34576 0.00143303   -1 -1   -1 -1   -1 -1   -1 -1   -1 -1   -1 -1   -1 -1   -1 -1   -1 -1   -1 -1   -1 -1
mirror_plane 6 1.54752 100000   0.939693 5.50537e-10   919.123 2.21765
2 6   535.07 2.21765   535.07 2.21765   535.07 2.21765   0 0   0 0   535.07 2.21765   535.07 2.21765   535.07 2.21765   0 0   0 0   -1 -1   -1 -1   -1 -1   -1 -1   -1 -1   -1 -1   -1 -1   -1 -1   -1 -1   -1 -1
#--- Sun direction: 90 20.5 (-5.73546e-17 -0.936672 -0.350207)
7 1 1 100000 0
1547.52 0
547.034 2.22191
0.936672 0
902.485 2.22191
0 0
0 0
0 0
absorber 2 1.54752   547.034 2.22191   547.034 2.22191   547.034 2.22191   0 0   0 0   547.034 2.22191   547.034 2.22191   547.034 2.22191   0 0   0 0   0.353491 0.00143579   -1 -1   -1 -1   -1 -1   -1 -1   -1 -1   -1 -1   -1 -1   -1 -1   -1 -1   -1 -1   -1 -1
mirror_plane 6 1.54752 100000   0.936672 0   902.485 2.22191
2 6   547.034 2.22191   547.034 2.22191   547.034 2.22191   0 0   0 0   547.034 2.22191   547.034 2.22191   547.034 2.22191   0 0   0 0   -1 -1   -1 -1   -1 -1   -1 -1   -1 -1   -1 -1   -1 -1   -1 -1   -1 -1   -1 -1
#--- Sun direction: 90 21 (-5.71653e-17 -0.93358 -0.358368)
7 1 1 100000 0
1547.52 0
558.838 2.22502
0.93358 0
885.897 2.22502
0 0
0 0
0 0
absorber 2 1.54752   558.838 2.22502   558.838 2.22502   558.838 2.22502   0 0   0 0   558.838 2.22502   558.838 2.22502   558.838 2.22502   0 0   0 0   0.361118 0.0014378   -1 -1   -1 -1   -1 -1   -1 -1   -1 -1   -1 -1   -1 -1   -1 -1   -1 -1   -1 -1   -1 -1
mirror_plane 6 1.54752 100000   0.93358 0   885.897 2.22502
2 6   558.838 2.22502   558.838 2.22502   558.838 2.22502   0 0   0 0   558.838 2.22502   558.838 2.22502   558.838 2.22502   0 0   0 0   -1 -1   -1 -1   -1 -1   -1 -1   -1 -1   -1 -1   -1 -1   -1 -1   -1 -1   -1 -1
#--- Sun direction: 90 21.5 (-5.69716e-17 -0.930418 -0.366501)
7 1 1 100000 0
1547.52 0
571.415 2.22762
0.930418 0
868.425 2.22762
0 0
0 0
0 0
absorber 2 1.54752   571.415 2.22762   571.415 2.22762   571.415 2.22762   0 0   0 0   571.415 2.22762   571.415 2.22762   571.415 2.22762   0 0   0 0   0.369246 0.00143948   -1 -1   -1 -1   -1 -1   -1 -1   -1 -1   -1 -1   -1 -1   -1 -1   -1 -1   -1 -1   -1 -1
mirror_plane 6 1.54752 100000   0.930418 0   868.425 2.22762
2 6   571.415 2.22762   571.415 2.22762   571.415 2.22762   0 0   0 0   571.415 2.22762   571.415 2.22762   571.415 2.22762   0 0   0 0   -1 -1   -1 -1   -1 -1   -1 -1   -1 -1   -1 -1   -1 -1   -1 -1   -1 -1   -1 -1
#--- Sun direction: 90 22 (-5.67736e-17 -0.927184 -0.374607)
7 1 1 100000 0
1547.52 0
583.347 2.22871
0.927184 2.0645e-09
851.489 2.22871
0 0
0 0
0 0
absorber 2 1.54752   583.347 2.22871   583.347 2.22871   583.347 2.22871   0 0   0 0   583.347 2.22871   583.347 2.22871   583.347 2.22871   0 0   0 0   0.376956 0.00144018   -1 -1   -1 -1   -1 -1   -1 -1   -1 -1   -1 -1   -1 -1   -1 -1   -1 -1   -1 -1   -1 -1
mirror_plane 6 1.54752 100000   0.927184 2.0645e-09   851.489 2.22871
2 6   583.347 2.22871   583.347 2.22871   583.347 2.22871   0 0   0 0   583.347 2.22871   583.347 2.22871   583.347 2.22871   0 0   0 0   -1 -1   -1 -1   -1 -1   -1 -1   -1 -1   -1 -1   -1 -1   -1 -1   -1 -1   -1 -1
#--- Sun direction: 90 22.5 (-5.65713e-17 -0.92388 -0.382683)
7 1 1 100000 0
1547.52 0
596.523 2.2294
0.92388 1.59449e-09
833.199 2.2294
0 0
0 0
0 0
absorber 2 1.54752   596.523 2.2294   596.523 2.2294   596.523 2.2294   0 0   0 0   596.523 2.2294   596.523 2.2294   596.523 2.2294   0 0   0 0   0.38547 0.00144063   -1 -1   -1 -1   -1 -1   -1 -1   -1 -1   -1 -1   -1 -1   -1 -1   -1 -1   -1 -1   -1 -1
mirror_plane 6 1.54752 100000   0.92388 1.59449e-09   833.199 2.2294
2 6   596.523 2.2294   596.523 2.2294   596.523 2.2294   0 0   0 0   596.523 2.2294   596.523 2.2294   596.523 2.2294   0 0   0 0   -1 -1   -1 -1   -1 -1   -1 -1   -1 -1   -1 -1   -1 -1   -1 -1   -1 -1   -1 -1
#--- Sun direction: 90 23 (-5.63647e-17 -0.920505 -0.390731)
7 1 1 100000 0
1547.52 0
608.703 2.2284
0.920505 0
815.797 2.2284
0 0
0 0
0 0
absorber 2 1.54752   608.703 2.2284   608.703 2.2284   608.703 2.2284   0 0   0 0   608.703 2.2284   608.703 2.2284   608.703 2.2284   0 0   0 0   0.393341 0.00143998   -1 -1   -1 -1   -1 -1   -1 -1   -1 -1   -1 -1   -1 -1   -1 -1   -1 -1   -1 -1   -1 -1
mirror_plane 6 1.54752 100000   0.920505 0   815.797 2.2284
2 6   608.703 2.2284   608.703 2.2284   608.703 2.2284   0 0   0 0   608.703 2.2284   608.703 2.2284   608.703 2.2284   0 0   0 0   -1 -1   -1 -1   -1 -1   -1 -1   -1 -1   -1 -1   -1 -1   -1 -1   -1 -1   -1 -1
#--- Sun direction: 90 23.5 (-5.61537e-17 -0.91706 -0.398749)
7 1 1 100000 0
1547.52 0
620.773 2.22626
0.91706 0
798.396 2.22626
0 0
0 0
0 0
absorber 2 1.54752   620.773 2.22626   620.773 2.22626   620.773 2.22626   0 0   0 0   620.773 2.22626   620.773 2.22626   620.773 2.22626   0 0   0 0   0.40114 0.0014386   -1 -1   -1 -1   -1 -1   -1 -1   -1 -1   -1 -1   -1 -1   -1 -1   -1 -1   -1 -1   -1 -1
mirror_plane 6 1.54752 100000   0.91706 0   798.396 2.22626
2 6   620.773 2.22626   620.773 2.22626   620.773 2.22626   0 0   0 0   620.773 2.22626   620.773 2.22626   620.773 2.22626   0 0   0 0   -1 -1   -1 -1   -1 -1   -1 -1   -1 -1   -1 -1   -1 -1   -1 -1   -1 -1   -1 -1
#--- Sun direction: 90 24 (-5.59385e-17 -0.913545 -0.406737)
7 1 1 100000 0
1547.52 0
633.252 2.22315
0.913545 0
780.478 2.22315
0 0
0 0
0 0
absorber 2 1.54752   633.252 2.22315   633.252 2.22315   633.252 2.22315   0 0   0 0   633.252 2.22315   633.252 2.22315   633.252 2.22315   0 0   0 0   0.409204 0.00143659   -1 -1   -1 -1   -1 -1   -1 -1   -1 -1   -1 -1   -1 -1   -1 -1   -1 -1   -1 -1   -1 -1
mirror_plane 6 1.54752 100000   0.913545 0   780.478 2.22315
2 6   633.252 2.22315   633.252 2.22315   633.252 2.22315   0 0   0 0   633.252 2.22315   633.252 2.22315   633.252 2.22315   0 0   0 0   -1 -1   -1 -1   -1 -1   -1 -1   -1 -1   -1 -1   -1 -1   -1 -1   -1 -1   -1 -1
#--- Sun direction: 90 24.5 (-5.57191e-17 -0.909961 -0.414693)
7 1 1 100000 0
1547.52 0
646.089 2.21897
0.909961 8.38976e-10
762.095 2.21897
0 0
0 0
0 0
absorber 2 1.54752   646.089 2.21897   646.089 2.21897   646.089 2.21897   0 0   0 0   646.089 2.21897   646.089 2.21897   646.089 2.21897   0 0   0 0   0.417499 0.00143388   -1 -1   -1 -1   -1 -1   -1 -1   -1 -1   -1 -1   -1 -1   -1 -1   -1 -1   -1 -1   -1 -1
mirror_plane 6 1.54752 100000   0.909961 8.38976e-10   762.095 2.21897
2 6   646.089 2.21897   646.089 2.21897   646.089 2.21897   0 0   0 0   646.089 2.21897   646.089 2.21897   646.089 2.21897   0 0   0 0   -1 -1   -1 -1   -1 -1   -1 -1   -1 -1   -1 -1   -1 -1   -1 -1   -1 -1   -1 -1
#--- Sun direction: 90 25 (-5.54953e-17 -0.906308 -0.422618)
7 1 1 100000 0
1547.52 0
658.445 2.21346
0.906308 8.39638e-10
744.084 2.21346
0 0
0 0
0 0
absorber 2 1.54752   658.445 2.21346   658.445 2.21346   658.445 2.21346   0 0   0 0   658.445 2.21346   658.445 2.21346   658.445 2.21346   0 0   0 0   0.425484 0.00143032   -1 -1   -1 -1   -1 -1   -1 -1   -1 -1   -1 -1   -1 -1   -1 -1   -1 -1   -1 -1   -1 -1
mirror_plane 6 1.54752 100000   0.906308 8.39638e-10   744.084 2.21346
2 6   658.445 2.21346   658.445 2.21346   658.445 2.21346   0 0   0 0   658.445 2.21346   658.445 2.21346   658.445 2.21346   0 0   0 0   -1 -1   -1 -1   -1 -1   -1 -1   -1 -1   -1 -1   -1 -1   -1 -1   -1 -1   -1 -1
#--- Sun direction: 90 25.5 (-5.52674e-17 -0.902585 -0.430511)
7 1 1 100000 0
1547.52 0
669.485 2.20659
0.902585 1.7304e-09
727.283 2.20659
0 0
0 0
0 0
absorber 2 1.54752   669.485 2.20659   669.485 2.20659   669.485 2.20659   0 0   0 0   669.485 2.20659   669.485 2.20659   669.485 2.20659   0 0   0 0   0.432618 0.00142589   -1 -1   -1 -1   -1 -1   -1 -1   -1 -1   -1 -1   -1 -1   -1 -1   -1 -1   -1 -1   -1 -1
mirror_plane 6 1.54752 100000   0.902585 1.7304e-09   727.283 2.20659
2 6   669.485 2.20659   669.485 2.20659   669.485 2.20659   0 0   0 0   669.485 2.20659   669.485 2.20659   669.485 2.20659   0 0   0 0   -1 -1   -1 -1   -1 -1   -1 -1   -1 -1   -1 -1   -1 -1   -1 -1   -1 -1   -1 -1
