#--- Sun direction: 90 0 (-6.12323e-17 -1 -0)
7 1 1 100000 0
1547.52 0
0 0
1 0
1547.52 0
0 0
0 0
0 0
absorber 2 1.54752   0 0   0 0   0 0   0 0   0 0   0 0   0 0   0 0   0 0   0 0   0 0   -1 -1   -1 -1   -1 -1   -1 -1   -1 -1   -1 -1   -1 -1   -1 -1   -1 -1   -1 -1   -1 -1
mirror_plane 6 1.54752 100000   1 0   1547.52 0
2 6   0 0   0 0   0 0   0 0   0 0   0 0   0 0   0 0   0 0   0 0   -1 -1   -1 -1   -1 -1   -1 -1   -1 -1   -1 -1   -1 -1   -1 -1   -1 -1   -1 -1
#--- Sun direction: 91 0 (0.0174524 -0.999848 -0)
7 1 1 100000 0
1547.52 0
17.3915 0.515821
0.999848 0
1529.89 0.515821
0 0
0 0
0 0
absorber 2 1.54752   17.3915 0.515821   17.3915 0.515821   17.3915 0.515821   0 0   0 0   17.3915 0.515821   17.3915 0.515821   17.3915 0.515821   0 0   0 0   0.0112383 0.000333321   -1 -1   -1 -1   -1 -1   -1 -1   -1 -1   -1 -1   -1 -1   -1 -1   -1 -1   -1 -1   -1 -1
mirror_plane 6 1.54752 100000   0.999848 0   1529.89 0.515821
2 6   17.3915 0.515821   17.3915 0.515821   17.3915 0.515821   0 0   0 0   17.3915 0.515821   17.3915 0.515821   17.3915 0.515821   0 0   0 0   -1 -1   -1 -1   -1 -1   -1 -1   -1 -1   -1 -1   -1 -1   -1 -1   -1 -1   -1 -1
#--- Sun direction: 92 0 (0.0348995 -0.999391 -0)
7 1 1 100000 0
1547.52 0
34.1639 0.718818
0.999391 1.57276e-09
1512.41 0.718818
0 0
0 0
0 0
absorber 2 1.54752   34.1639 0.718818   34.1639 0.718818   34.1639 0.718818   0 0   0 0   34.1639 0.718818   34.1639 0.718818   34.1639 0.718818   0 0   0 0   0.0220765 0.000464497   -1 -1   -1 -1   -1 -1   -1 -1   -1 -1   -1 -1   -1 -1   -1 -1   -1 -1   -1 -1   -1 -1
mirror_plane 6 1.54752 100000   0.999391 1.57276e-09   1512.41 0.718818
2 6   34.1639 0.718818   34.1639 0.718818   34.1639 0.718818   0 0   0 0   34.1639 0.718818   34.1639 0.718818   34.1639 0.718818   0 0   0 0   -1 -1   -1 -1   -1 -1   -1 -1   -1 -1   -1 -1   -1 -1   -1 -1   -1 -1   -1 -1
#--- Sun direction: 93 0 (0.052336 -0.99863 -0)
7 1 1 100000 0
1547.52 0
52.2345 0.883146
0.99863 0
1493.16 0.883146
0 0
0 0
0 0
absorber 2 1.54752   52.2345 0.883146   52.2345 0.883146   52.2345 0.883146   0 0   0 0   52.2345 0.883146   52.2345 0.883146   52.2345 0.883146   0 0   0 0   0.0337537 0.000570685   -1 -1   -1 -1   -1 -1   -1 -1   -1 -1   -1 -1   -1 -1   -1 -1   -1 -1   -1 -1   -1 -1
mirror_plane 6 1.54752 100000   0.99863 0   1493.16 0.883146
2 6   52.2345 0.883146   52.2345 0.883146   52.2345 0.883146   0 0   0 0   52.2345 0.883146   52.2345 0.883146   52.2345 0.883146   0 0   0 0   -1 -1   -1 -1   -1 -1   -1 -1   -1 -1   -1 -1   -1 -1   -1 -1   -1 -1   -1 -1
#--- Sun direction: 94 0 (0.0697565 -0.997564 -0)
7 1 1 100000 0
1547.52 0
68.1566 1.00285
0.997564 0
1475.59 1.00285
0 0
0 0
0 0
absorber 2 1.54752   68.1566 1.00285   68.1566 1.00285   68.1566 1.00285   0 0   0 0   68.1566 1.00285   68.1566 1.00285   68.1566 1.00285   0 0   0 0   0.0440425 0.000648039   -1 -1   -1 -1   -1 -1   -1 -1   -1 -1   -1 -1   -1 -1   -1 -1   -1 -1   -1 -1   -1 -1
mirror_plane 6 1.54752 100000   0.997564 0   1475.59 1.00285
2 6   68.1566 1.00285   68.1566 1.00285   68.1566 1.00285   0 0   0 0   68.1566 1.00285   68.1566 1.00285   68.1566 1.00285   0 0   0 0   -1 -1   -1 -1   -1 -1   -1 -1   -1 -1   -1 -1   -1 -1   -1 -1   -1 -1   -1 -1
#--- Sun direction: 95 0 (0.0871557 -0.996195 -0)
7 1 1 100000 0
1547.52 0
85.5143 1.11588
0.996195 4.38256e-10
1456.12 1.11588
0 0
0 0
0 0
absorber 2 1.54752   85.5143 1.11588   85.5143 1.11588   85.5143 1.11588   0 0   0 0   85.5143 1.11588   85.5143 1.11588   85.5143 1.11588   0 0   0 0   0.0552589 0.000721076   -1 -1   -1 -1   -1 -1   -1 -1   -1 -1   -1 -1   -1 -1   -1 -1   -1 -1   -1 -1   -1 -1
mirror_plane 6 1.54752 100000   0.996195 4.38256e-10   1456.12 1.11588
2 6   85.5143 1.11588   85.5143 1.11588   85.5143 1.11588   0 0   0 0   85.5143 1.11588   85.5143 1.11588   85.5143 1.11588   0 0   0 0   -1 -1   -1 -1   -1 -1   -1 -1   -1 -1   -1 -1   -1 -1   -1 -1   -1 -1   -1 -1
#--- Sun direction: 96 0 (0.104528 -0.994522 -0)
7 1 1 100000 0
1547.52 0
102.654 1.21429
0.994522 0
1436.39 1.21429
0 0
0 0
0 0
absorber 2 1.54752   102.654 1.21429   102.654 1.21429   102.654 1.21429   0 0   0 0   102.654 1.21429   102.654 1.21429   102.654 1.21429   0 0   0 0   0.0663346 0.000784672   -1 -1   -1 -1   -1 -1   -1 -1   -1 -1   -1 -1   -1 -1   -1 -1   -1 -1   -1 -1   -1 -1
mirror_plane 6 1.54752 100000   0.994522 0   1436.39 1.21429
2 6   102.654 1.21429   102.654 1.21429   102.654 1.21429   0 0   0 0   102.654 1.21429   102.654 1.21429   102.654 1.21429   0 0   0 0   -1 -1   -1 -1   -1 -1   -1 -1   -1 -1   -1 -1   -1 -1   -1 -1   -1 -1   -1 -1
#--- Sun direction: 97 0 (0.121869 -0.992546 -0)
7 1 1 100000 0
1547.52 0
119.454 1.30081
0.992546 0
1416.53 1.30081
0 0
0 0
0 0
absorber 2 1.54752   119.454 1.30081   119.454 1.30081   119.454 1.30081   0 0   0 0   119.454 1.30081   119.454 1.30081   119.454 1.30081   0 0   0 0   0.0771903 0.000840575   -1 -1   -1 -1   -1 -1   -1 -1   -1 -1   -1 -1   -1 -1   -1 -1   -1 -1   -1 -1   -1 -1
mirror_plane 6 1.54752 100000   0.992546 0   1416.53 1.30081
2 6   119.454 1.30081   119.454 1.30081   119.454 1.30081   0 0   0 0   119.454 1.30081   119.454 1.30081   119.454 1.30081   0 0   0 0   -1 -1   -1 -1   -1 -1   -1 -1   -1 -1   -1 -1   -1 -1   -1 -1   -1 -1   -1 -1
#--- Sun direction: 98 0 (0.139173 -0.990268 -0)
7 1 1 100000 0
1547.52 0
136.573 1.38073
0.990268 1.60905e-09
1395.89 1.38073
0 0
0 0
0 0
absorber 2 1.54752   136.573 1.38073   136.573 1.38073   136.573 1.38073   0 0   0 0   136.573 1.38073   136.573 1.38073   136.573 1.38073   0 0   0 0   0.0882527 0.000892218   -1 -1   -1 -1   -1 -1   -1 -1   -1 -1   -1 -1   -1 -1   -1 -1   -1 -1   -1 -1   -1 -1
mirror_plane 6 1.54752 100000   0.990268 1.60905e-09   1395.89 1.38073
2 6   136.573 1.38073   136.573 1.38073   136.573 1.38073   0 0   0 0   136.573 1.38073   136.573 1.38073   136.573 1.38073   0 0   0 0   -1 -1   -1 -1   -1 -1   -1 -1   -1 -1   -1 -1   -1 -1   -1 -1   -1 -1   -1 -1
#--- Sun direction: 99 0 (0.156434 -0.987688 -0)
7 1 1 100000 0
1547.52 0
153.336 1.45209
0.987688 0
1375.13 1.45209
0 0
0 0
0 0
absorber 2 1.54752   153.336 1.45209   153.336 1.45209   153.336 1.45209   0 0   0 0   153.336 1.45209   153.336 1.45209   153.336 1.45209   0 0   0 0   0.0990849 0.000938335   -1 -1   -1 -1   -1 -1   -1 -1   -1 -1   -1 -1   -1 -1   -1 -1   -1 -1   -1 -1   -1 -1
mirror_plane 6 1.54752 100000   0.987688 0   1375.13 1.45209
2 6   153.336 1.45209   153.336 1.45209   153.336 1.45209   0 0   0 0   153.336 1.45209   153.336 1.45209   153.336 1.45209   0 0   0 0   -1 -1   -1 -1   -1 -1   -1 -1   -1 -1   -1 -1   -1 -1   -1 -1   -1 -1   -1 -1
#--- Sun direction: 100 0 (0.173648 -0.984808 -0)
7 1 1 100000 0
1547.52 0
170.019 1.51725
0.984808 1.59728e-09
1353.99 1.51725
0 0
0 0
0 0
absorber 2 1.54752   170.019 1.51725   170.019 1.51725   170.019 1.51725   0 0   0 0   170.019 1.51725   170.019 1.51725   170.019 1.51725   0 0   0 0   0.109865 0.000980437   -1 -1   -1 -1   -1 -1   -1 -1   -1 -1   -1 -1   -1 -1   -1 -1   -1 -1   -1 -1   -1 -1
mirror_plane 6 1.54752 100000   0.984808 1.59728e-09   1353.99 1.51725
2 6   170.019 1.51725   170.019 1.51725   170.019 1.51725   0 0   0 0   170.019 1.51725   170.019 1.51725   170.019 1.51725   0 0   0 0   -1 -1   -1 -1   -1 -1   -1 -1   -1 -1   -1 -1   -1 -1   -1 -1   -1 -1   -1 -1
#--- Sun direction: 101 0 (0.190809 -0.981627 -0)
7 1 1 100000 0
1547.52 0
185.83 1.57404
0.981627 0
1333.26 1.57404
0 0
0 0
0 0
absorber 2 1.54752   185.83 1.57404   185.83 1.57404   185.83 1.57404   0 0   0 0   185.83 1.57404   185.83 1.57404   185.83 1.57404   0 0   0 0   0.120082 0.00101714   -1 -1   -1 -1   -1 -1   -1 -1   -1 -1   -1 -1   -1 -1   -1 -1   -1 -1   -1 -1   -1 -1
mirror_plane 6 1.54752 100000   0.981627 0   1333.26 1.57404
2 6   185.83 1.57404   185.83 1.57404   185.83 1.57404   0 0   0 0   185.83 1.57404   185.83 1.57404   185.83 1.57404   0 0   0 0   -1 -1   -1 -1   -1 -1   -1 -1   -1 -1   -1 -1   -1 -1   -1 -1   -1 -1   -1 -1
#--- Sun direction: 102 0 (0.207912 -0.978148 -0)
7 1 1 100000 0
1547.52 0
203.502 1.63288
0.978148 5.75193e-10
1310.2 1.63288
0 0
0 0
0 0
absorber 2 1.54752   203.502 1.63288   203.502 1.63288   203.502 1.63288   0 0   0 0   203.502 1.63288   203.502 1.63288   203.502 1.63288   0 0   0 0   0.131502 0.00105516   -1 -1   -1 -1   -1 -1   -1 -1   -1 -1   -1 -1   -1 -1   -1 -1   -1 -1   -1 -1   -1 -1
mirror_plane 6 1.54752 100000   0.978148 5.75193e-10   1310.2 1.63288
2 6   203.502 1.63288   203.502 1.63288   203.502 1.63288   0 0   0 0   203.502 1.63288   203.502 1.63288   203.502 1.63288   0 0   0 0   -1 -1   -1 -1   -1 -1   -1 -1   -1 -1   -1 -1   -1 -1   -1 -1   -1 -1   -1 -1
#--- Sun direction: 103 0 (0.224951 -0.97437 -0)
7 1 1 100000 0
1547.52 0
220.298 1.68418
0.97437 1.13582e-09
1287.56 1.68418
0 0
0 0
0 0
absorber 2 1.54752   220.298 1.68418   220.298 1.68418   220.298 1.68418   0 0   0 0   220.298 1.68418   220.298 1.68418   220.298 1.68418   0 0   0 0   0.142355 0.00108831   -1 -1   -1 -1   -1 -1   -1 -1   -1 -1   -1 -1   -1 -1   -1 -1   -1 -1   -1 -1   -1 -1
mirror_plane 6 1.54752 100000   0.97437 1.13582e-09   1287.56 1.68418
2 6   220.298 1.68418   220.298 1.68418   220.298 1.68418   0 0   0 0   220.298 1.68418   220.298 1.68418   220.298 1.68418   0 0   0 0   -1 -1   -1 -1   -1 -1   -1 -1   -1 -1   -1 -1   -1 -1   -1 -1   -1 -1   -1 -1
#--- Sun direction: 104 0 (0.241922 -0.970296 -0)
7 1 1 100000 0
1547.52 0
236.389 1.72937
0.970296 0
1265.16 1.72937
0 0
0 0
0 0
absorber 2 1.54752   236.389 1.72937   236.389 1.72937   236.389 1.72937   0 0   0 0   236.389 1.72937   236.389 1.72937   236.389 1.72937   0 0   0 0   0.152754 0.00111751   -1 -1   -1 -1   -1 -1   -1 -1   -1 -1   -1 -1   -1 -1   -1 -1   -1 -1   -1 -1   -1 -1
mirror_plane 6 1.54752 100000   0.970296 0   1265.16 1.72937
2 6   236.389 1.72937   236.389 1.72937   236.389 1.72937   0 0   0 0   236.389 1.72937   236.389 1.72937   236.389 1.72937   0 0   0 0   -1 -1   -1 -1   -1 -1   -1 -1   -1 -1   -1 -1   -1 -1   -1 -1   -1 -1   -1 -1
#--- Sun direction: 105 0 (0.258819 -0.965926 -0)
7 1 1 100000 0
1547.52 0
253.666 1.77435
0.965926 8.90337e-10
1241.12 1.77435
0 0
0 0
0 0
absorber 2 1.54752   253.666 1.77435   253.666 1.77435   253.666 1.77435   0 0   0 0   253.666 1.77435   253.666 1.77435   253.666 1.77435   0 0   0 0   0.163918 0.00114657   -1 -1   -1 -1   -1 -1   -1 -1   -1 -1   -1 -1   -1 -1   -1 -1   -1 -1   -1 -1   -1 -1
mirror_plane 6 1.54752 100000   0.965926 8.90337e-10   1241.12 1.77435
2 6   253.666 1.77435   253.666 1.77435   253.666 1.77435   0 0   0 0   253.666 1.77435   253.666 1.77435   253.666 1.77435   0 0   0 0   -1 -1   -1 -1   -1 -1   -1 -1   -1 -1   -1 -1   -1 -1   -1 -1   -1 -1   -1 -1
#--- Sun direction: 106 0 (0.275637 -0.961262 -0)
7 1 1 100000 0
1547.52 0
271.407 1.8168
0.961262 0
1216.16 1.8168
0 0
0 0
0 0
absorber 2 1.54752   271.407 1.8168   271.407 1.8168   271.407 1.8168   0 0   0 0   271.407 1.8168   271.407 1.8168   271.407 1.8168   0 0   0 0   0.175382 0.00117401   -1 -1   -1 -1   -1 -1   -1 -1   -1 -1   -1 -1   -1 -1   -1 -1   -1 -1   -1 -1   -1 -1
mirror_plane 6 1.54752 100000   0.961262 0   1216.16 1.8168
2 6   271.407 1.8168   271.407 1.8168   271.407 1.8168   0 0   0 0   271.407 1.8168   271.407 1.8168   271.407 1.8168   0 0   0 0   -1 -1   -1 -1   -1 -1   -1 -1   -1 -1   -1 -1   -1 -1   -1 -1   -1 -1   -1 -1
#--- Sun direction: 107 0 (0.292372 -0.956305 -0)
7 1 1 100000 0
1547.52 0
288.299 1.85348
0.956305 2.15346e-09
1191.6 1.85348
0 0
0 0
0 0
absorber 2 1.54752   288.299 1.85348   288.299 1.85348   288.299 1.85348   0 0   0 0   288.299 1.85348   288.299 1.85348   288.299 1.85348   0 0   0 0   0.186298 0.00119771   -1 -1   -1 -1   -1 -1   -1 -1   -1 -1   -1 -1   -1 -1   -1 -1   -1 -1   -1 -1   -1 -1
mirror_plane 6 1.54752 100000   0.956305 2.15346e-09   1191.6 1.85348
2 6   288.299 1.85348   288.299 1.85348   288.299 1.85348   0 0   0 0   288.299 1.85348   288.299 1.85348   288.299 1.85348   0 0   0 0   -1 -1   -1 -1   -1 -1   -1 -1   -1 -1   -1 -1   -1 -1   -1 -1   -1 -1   -1 -1
#--- Sun direction: 108 0 (0.309017 -0.951057 -0)
7 1 1 100000 0
1547.52 0
304.128 1.88445
0.951057 1.76596e-09
1167.65 1.88445
0 0
0 0
0 0
absorber 2 1.54752   304.128 1.88445   304.128 1.88445   304.128 1.88445   0 0   0 0   304.128 1.88445   304.128 1.88445   304.128 1.88445   0 0   0 0   0.196526 0.00121772   -1 -1   -1 -1   -1 -1   -1 -1   -1 -1   -1 -1   -1 -1   -1 -1   -1 -1   -1 -1   -1 -1
mirror_plane 6 1.54752 100000   0.951057 1.76596e-09   1167.65 1.88445
2 6   304.128 1.88445   304.128 1.88445   304.128 1.88445   0 0   0 0   304.128 1.88445   304.128 1.88445   304.128 1.88445   0 0   0 0   -1 -1   -1 -1   -1 -1   -1 -1   -1 -1   -1 -1   -1 -1   -1 -1   -1 -1   -1 -1
#--- Sun direction: 109 0 (0.325568 -0.945519 -0)
7 1 1 100000 0
1547.52 0
319.316 1.91119
0.945519 0
1143.89 1.91119
0 0
0 0
0 0
absorber 2 1.54752   319.316 1.91119   319.316 1.91119   319.316 1.91119   0 0   0 0   319.316 1.91119   319.316 1.91119   319.316 1.91119   0 0   0 0   0.206341 0.001235   -1 -1   -1 -1   -1 -1   -1 -1   -1 -1   -1 -1   -1 -1   -1 -1   -1 -1   -1 -1   -1 -1
mirror_plane 6 1.54752 100000   0.945519 0   1143.89 1.91119
2 6   319.316 1.91119   319.316 1.91119   319.316 1.91119   0 0   0 0   319.316 1.91119   319.316 1.91119   319.316 1.91119   0 0   0 0   -1 -1   -1 -1   -1 -1   -1 -1   -1 -1   -1 -1   -1 -1   -1 -1   -1 -1   -1 -1
#--- Sun direction: 110 0 (0.34202 -0.939693 -0)
7 1 1 100000 0
1547.52 0
337.722 1.94179
0.939693 5.50537e-10
1116.47 1.94179
0 0
0 0
0 0
absorber 2 1.54752   337.722 1.94179   337.722 1.94179   337.722 1.94179   0 0   0 0   337.722 1.94179   337.722 1.94179   337.722 1.94179   0 0   0 0   0.218234 0.00125478   -1 -1   -1 -1   -1 -1   -1 -1   -1 -1   -1 -1   -1 -1   -1 -1   -1 -1   -1 -1   -1 -1
mirror_plane 6 1.54752 100000   0.939693 5.50537e-10   1116.47 1.94179
2 6   337.722 1.94179   337.722 1.94179   337.722 1.94179   0 0   0 0   337.722 1.94179   337.722 1.94179   337.722 1.94179   0 0   0 0   -1 -1   -1 -1   -1 -1   -1 -1   -1 -1   -1 -1   -1 -1   -1 -1   -1 -1   -1 -1
#--- Sun direction: 111 0 (0.358368 -0.93358 -0)
7 1 1 100000 0
1547.52 0
355.838 1.96843
0.93358 0
1088.9 1.96843
0 0
0 0
0 0
absorber 2 1.54752   355.838 1.96843   355.838 1.96843   355.838 1.96843   0 0   0 0   355.838 1.96843   355.838 1.96843   355.838 1.96843   0 0   0 0   0.229941 0.00127199   -1 -1   -1 -1   -1 -1   -1 -1   -1 -1   -1 -1   -1 -1   -1 -1   -1 -1   -1 -1   -1 -1
mirror_plane 6 1.54752 100000   0.93358 0   1088.9 1.96843
2 6   355.838 1.96843   355.838 1.96843   355.838 1.96843   0 0   0 0   355.838 1.96843   355.838 1.96843   355.838 1.96843   0 0   0 0   -1 -1   -1 -1   -1 -1   -1 -1   -1 -1   -1 -1   -1 -1   -1 -1   -1 -1   -1 -1
#--- Sun direction: 112 0 (0.374607 -0.927184 -0)
7 1 1 100000 0
1547.52 0
371.407 1.98737
0.927184 2.0645e-09
1063.43 1.98737
0 0
0 0
0 0
absorber 2 1.54752   371.407 1.98737   371.407 1.98737   371.407 1.98737   0 0   0 0   371.407 1.98737   371.407 1.98737   371.407 1.98737   0 0   0 0   0.240002 0.00128423   -1 -1   -1 -1   -1 -1   -1 -1   -1 -1   -1 -1   -1 -1   -1 -1   -1 -1   -1 -1   -1 -1
mirror_plane 6 1.54752 100000   0.927184 2.0645e-09   1063.43 1.98737
2 6   371.407 1.98737   371.407 1.98737   371.407 1.98737   0 0   0 0   371.407 1.98737   371.407 1.98737   371.407 1.98737   0 0   0 0   -1 -1   -1 -1   -1 -1   -1 -1   -1 -1   -1 -1   -1 -1   -1 -1   -1 -1   -1 -1
#--- Sun direction: 113 0 (0.390731 -0.920505 -0)
7 1 1 100000 0
1547.52 0
386.766 2.0034
0.920505 0
1037.73 2.0034
0 0
0 0
0 0
absorber 2 1.54752   386.766 2.0034   386.766 2.0034   386.766 2.0034   0 0   0 0   386.766 2.0034   386.766 2.0034   386.766 2.0034   0 0   0 0   0.249926 0.00129459   -1 -1   -1 -1   -1 -1   -1 -1   -1 -1   -1 -1   -1 -1   -1 -1   -1 -1   -1 -1   -1 -1
mirror_plane 6 1.54752 100000   0.920505 0   1037.73 2.0034
2 6   386.766 2.0034   386.766 2.0034   386.766 2.0034   0 0   0 0   386.766 2.0034   386.766 2.0034   386.766 2.0034   0 0   0 0   -1 -1   -1 -1   -1 -1   -1 -1   -1 -1   -1 -1   -1 -1   -1 -1   -1 -1   -1 -1
#--- Sun direction: 114 0 (0.406737 -0.913545 -0)
7 1 1 100000 0
1547.52 0
401.98 2.01669
0.913545 0
1011.75 2.01669
0 0
0 0
0 0
absorber 2 1.54752   401.98 2.01669   401.98 2.01669   401.98 2.01669   0 0   0 0   401.98 2.01669   401.98 2.01669   401.98 2.01669   0 0   0 0   0.259758 0.00130317   -1 -1   -1 -1   -1 -1   -1 -1   -1 -1   -1 -1   -1 -1   -1 -1   -1 -1   -1 -1   -1 -1
mirror_plane 6 1.54752 100000   0.913545 0   1011.75 2.01669
2 6   401.98 2.01669   401.98 2.01669   401.98 2.01669   0 0   0 0   401.98 2.01669   401.98 2.01669   401.98 2.01669   0 0   0 0   -1 -1   -1 -1   -1 -1   -1 -1   -1 -1   -1 -1   -1 -1   -1 -1   -1 -1   -1 -1
#--- Sun direction: 115 0 (0.422618 -0.906308 -0)
7 1 1 100000 0
1547.52 0
415.878 2.02565
0.906308 8.39638e-10
986.651 2.02565
0 0
0 0
0 0
absorber 2 1.54752   415.878 2.02565   415.878 2.02565   415.878 2.02565   0 0   0 0   415.878 2.02565   415.878 2.02565   415.878 2.02565   0 0   0 0   0.268738 0.00130897   -1 -1   -1 -1   -1 -1   -1 -1   -1 -1   -1 -1   -1 -1   -1 -1   -1 -1   -1 -1   -1 -1
mirror_plane 6 1.54752 100000   0.906308 8.39638e-10   986.651 2.02565
2 6   415.878 2.02565   415.878 2.02565   415.878 2.02565   0 0   0 0   415.878 2.02565   415.878 2.02565   415.878 2.02565   0 0   0 0   -1 -1   -1 -1   -1 -1   -1 -1   -1 -1   -1 -1   -1 -1   -1 -1   -1 -1   -1 -1
#--- Sun direction: 116 0 (0.438371 -0.898794 -0)
7 1 1 100000 0
1547.52 0
433.071 2.03669
0.898794 0
957.831 2.03669
0 0
0 0
0 0
absorber 2 1.54752   433.071 2.03669   433.071 2.03669   433.071 2.03669   0 0   0 0   433.071 2.03669   433.071 2.03669   433.071 2.03669   0 0   0 0   0.279849 0.0013161   -1 -1   -1 -1   -1 -1   -1 -1   -1 -1   -1 -1   -1 -1   -1 -1   -1 -1   -1 -1   -1 -1
mirror_plane 6 1.54752 100000   0.898794 0   957.831 2.03669
2 6   433.071 2.03669   433.071 2.03669   433.071 2.03669   0 0   0 0   433.071 2.03669   433.071 2.03669   433.071 2.03669   0 0   0 0   -1 -1   -1 -1   -1 -1   -1 -1   -1 -1   -1 -1   -1 -1   -1 -1   -1 -1   -1 -1
#--- Sun direction: 117 0 (0.45399 -0.891007 -0)
7 1 1 100000 0
1547.52 0
449.809 2.04424
0.891007 0
929.042 2.04424
0 0
0 0
0 0
absorber 2 1.54752   449.809 2.04424   449.809 2.04424   449.809 2.04424   0 0   0 0   449.809 2.04424   449.809 2.04424   449.809 2.04424   0 0   0 0   0.290664 0.00132098   -1 -1   -1 -1   -1 -1   -1 -1   -1 -1   -1 -1   -1 -1   -1 -1   -1 -1   -1 -1   -1 -1
mirror_plane 6 1.54752 100000   0.891007 0   929.042 2.04424
2 6   449.809 2.04424   449.809 2.04424   449.809 2.04424   0 0   0 0   449.809 2.04424   449.809 2.04424   449.809 2.04424   0 0   0 0   -1 -1   -1 -1   -1 -1   -1 -1   -1 -1   -1 -1   -1 -1   -1 -1   -1 -1   -1 -1
#--- Sun direction: 118 0 (0.469472 -0.882948 -0)
7 1 1 100000 0
1547.52 0
466.495 2.04888
0.882948 0
899.884 2.04888
0 0
0 0
0 0
absorber 2 1.54752   466.495 2.04888   466.495 2.04888   466.495 2.04888   0 0   0 0   466.495 2.04888   466.495 2.04888   466.495 2.04888   0 0   0 0   0.301447 0.00132398   -1 -1   -1 -1   -1 -1   -1 -1   -1 -1   -1 -1   -1 -1   -1 -1   -1 -1   -1 -1   -1 -1
mirror_plane 6 1.54752 100000   0.882948 0   899.884 2.04888
2 6   466.495 2.04888   466.495 2.04888   466.495 2.04888   0 0   0 0   466.495 2.04888   466.495 2.04888   466.495 2.04888   0 0   0 0   -1 -1   -1 -1   -1 -1   -1 -1   -1 -1   -1 -1   -1 -1   -1 -1   -1 -1   -1 -1
#--- Sun direction: 119 0 (0.48481 -0.87462 -0)
7 1 1 100000 0
1547.52 0
483.427 2.05088
0.87462 0
870.065 2.05088
0 0
0 0
0 0
absorber 2 1.54752   483.427 2.05088   483.427 2.05088   483.427 2.05088   0 0   0 0   483.427 2.05088   483.427 2.05088   483.427 2.05088   0 0   0 0   0.312388 0.00132527   -1 -1   -1 -1   -1 -1   -1 -1   -1 -1   -1 -1   -1 -1   -1 -1   -1 -1   -1 -1   -1 -1
mirror_plane 6 1.54752 100000   0.87462 0   870.065 2.05088
2 6   483.427 2.05088   483.427 2.05088   483.427 2.05088   0 0   0 0   483.427 2.05088   483.427 2.05088   483.427 2.05088   0 0   0 0   -1 -1   -1 -1   -1 -1   -1 -1   -1 -1   -1 -1   -1 -1   -1 -1   -1 -1   -1 -1
#--- Sun direction: 120 0 (0.5 -0.866025 -0)
7 1 1 100000 0
1547.52 0
497.184 2.04727
0.866025 1.85278e-09
843.007 2.04727
0 0
0 0
0 0
absorber 2 1.54752   497.184 2.04727   497.184 2.04727   497.184 2.04727   0 0   0 0   497.184 2.04727   497.184 2.04727   497.184 2.04727   0 0   0 0   0.321278 0.00132293   -1 -1   -1 -1   -1 -1   -1 -1   -1 -1   -1 -1   -1 -1   -1 -1   -1 -1   -1 -1   -1 -1
mirror_plane 6 1.54752 100000   0.866025 1.85278e-09   843.007 2.04727
2 6   497.184 2.04727   497.184 2.04727   497.184 2.04727   0 0   0 0   497.184 2.04727   497.184 2.04727   497.184 2.04727   0 0   0 0   -1 -1   -1 -1   -1 -1   -1 -1   -1 -1   -1 -1   -1 -1   -1 -1   -1 -1   -1 -1
#--- Sun direction: 121 0 (0.515038 -0.857167 -0)
7 1 1 100000 0
1547.52 0
510.603 2.04106
0.857167 0
815.88 2.04106
0 0
0 0
0 0
absorber 2 1.54752   510.603 2.04106   510.603 2.04106   510.603 2.04106   0 0   0 0   510.603 2.04106   510.603 2.04106   510.603 2.04106   0 0   0 0   0.329949 0.00131892   -1 -1   -1 -1   -1 -1   -1 -1   -1 -1   -1 -1   -1 -1   -1 -1   -1 -1   -1 -1   -1 -1
mirror_plane 6 1.54752 100000   0.857167 0   815.88 2.04106
2 6   510.603 2.04106   510.603 2.04106   510.603 2.04106   0 0   0 0   510.603 2.04106   510.603 2.04106   510.603 2.04106   0 0   0 0   -1 -1   -1 -1   -1 -1   -1 -1   -1 -1   -1 -1   -1 -1   -1 -1   -1 -1   -1 -1
#--- Sun direction: 122 0 (0.529919 -0.848048 -0)
7 1 1 100000 0
1547.52 0
525.093 2.03321
0.848048 0
787.278 2.03321
0 0
0 0
0 0
absorber 2 1.54752   525.093 2.03321   525.093 2.03321   525.093 2.03321   0 0   0 0   525.093 2.03321   525.093 2.03321   525.093 2.03321   0 0   0 0   0.339313 0.00131385   -1 -1   -1 -1   -1 -1   -1 -1   -1 -1   -1 -1   -1 -1   -1 -1   -1 -1   -1 -1   -1 -1
mirror_plane 6 1.54752 100000   0.848048 0   787.278 2.03321
2 6   525.093 2.03321   525.093 2.03321   525.093 2.03321   0 0   0 0   525.093 2.03321   525.093 2.03321   525.093 2.03321   0 0   0 0   -1 -1   -1 -1   -1 -1   -1 -1   -1 -1   -1 -1   -1 -1   -1 -1   -1 -1   -1 -1
#--- Sun direction: 123 0 (0.544639 -0.838671 -0)
7 1 1 100000 0
1547.52 0
539.079 2.02248
0.838671 0
758.781 2.02248
0 0
0 0
0 0
absorber 2 1.54752   539.079 2.02248   539.079 2.02248   539.079 2.02248   0 0   0 0   539.079 2.02248   539.079 2.02248   539.079 2.02248   0 0   0 0   0.34835 0.00130692   -1 -1   -1 -1   -1 -1   -1 -1   -1 -1   -1 -1   -1 -1   -1 -1   -1 -1   -1 -1   -1 -1
mirror_plane 6 1.54752 100000   0.838671 0   758.781 2.02248
2 6   539.079 2.02248   539.079 2.02248   539.079 2.02248   0 0   0 0   539.079 2.02248   539.079 2.02248   539.079 2.02248   0 0   0 0   -1 -1   -1 -1   -1 -1   -1 -1   -1 -1   -1 -1   -1 -1   -1 -1   -1 -1   -1 -1
#--- Sun direction: 124 0 (0.559193 -0.829038 -0)
7 1 1 100000 0
1547.52 0
554.53 2.00981
0.829038 2.49344e-10
728.422 2.00981
0 0
0 0
0 0
absorber 2 1.54752   554.53 2.00981   554.53 2.00981   554.53 2.00981   0 0   0 0   554.53 2.00981   554.53 2.00981   554.53 2.00981   0 0   0 0   0.358335 0.00129873   -1 -1   -1 -1   -1 -1   -1 -1   -1 -1   -1 -1   -1 -1   -1 -1   -1 -1   -1 -1   -1 -1
mirror_plane 6 1.54752 100000   0.829038 2.49344e-10   728.422 2.00981
2 6   554.53 2.00981   554.53 2.00981   554.53 2.00981   0 0   0 0   554.53 2.00981   554.53 2.00981   554.53 2.00981   0 0   0 0   -1 -1   -1 -1   -1 -1   -1 -1   -1 -1   -1 -1   -1 -1   -1 -1   -1 -1   -1 -1
#--- Sun direction: 125 0 (0.573576 -0.819152 -0)
7 1 1 100000 0
1547.52 0
568.492 1.99366
0.819152 1.38989e-09
699.162 1.99366
0 0
0 0
0 0
absorber 2 1.54752   568.492 1.99366   568.492 1.99366   568.492 1.99366   0 0   0 0   568.492 1.99366   568.492 1.99366   568.492 1.99366   0 0   0 0   0.367357 0.00128829   -1 -1   -1 -1   -1 -1   -1 -1   -1 -1   -1 -1   -1 -1   -1 -1   -1 -1   -1 -1   -1 -1
mirror_plane 6 1.54752 100000   0.819152 1.38989e-09   699.162 1.99366
2 6   568.492 1.99366   568.492 1.99366   568.492 1.99366   0 0   0 0   568.492 1.99366   568.492 1.99366   568.492 1.99366   0 0   0 0   -1 -1   -1 -1   -1 -1   -1 -1   -1 -1   -1 -1   -1 -1   -1 -1   -1 -1   -1 -1
#--- Sun direction: 126 0 (0.587785 -0.809017 -0)
7 1 1 100000 0
1547.52 0
583.994 1.97508
0.809017 0
667.976 1.97508
0 0
0 0
0 0
absorber 2 1.54752   583.994 1.97508   583.994 1.97508   583.994 1.97508   0 0   0 0   583.994 1.97508   583.994 1.97508   583.994 1.97508   0 0   0 0   0.377374 0.00127629   -1 -1   -1 -1   -1 -1   -1 -1   -1 -1   -1 -1   -1 -1   -1 -1   -1 -1   -1 -1   -1 -1
mirror_plane 6 1.54752 100000   0.809017 0   667.976 1.97508
2 6   583.994 1.97508   583.994 1.97508   583.994 1.97508   0 0   0 0   583.994 1.97508   583.994 1.97508   583.994 1.97508   0 0   0 0   -1 -1   -1 -1   -1 -1   -1 -1   -1 -1   -1 -1   -1 -1   -1 -1   -1 -1   -1 -1
#--- Sun direction: 127 0 (0.601815 -0.798636 -0)
7 1 1 100000 0
1547.52 0
596.373 1.95294
0.798636 0
639.531 1.95294
0 0
0 0
0 0
absorber 2 1.54752   596.373 1.95294   596.373 1.95294   596.373 1.95294   0 0   0 0   596.373 1.95294   596.373 1.95294   596.373 1.95294   0 0   0 0   0.385374 0.00126198   -1 -1   -1 -1   -1 -1   -1 -1   -1 -1   -1 -1   -1 -1   -1 -1   -1 -1   -1 -1   -1 -1
mirror_plane 6 1.54752 100000   0.798636 0   639.531 1.95294
2 6   596.373 1.95294   596.373 1.95294   596.373 1.95294   0 0   0 0   596.373 1.95294   596.373 1.95294   596.373 1.95294   0 0   0 0   -1 -1   -1 -1   -1 -1   -1 -1   -1 -1   -1 -1   -1 -1   -1 -1   -1 -1   -1 -1
#--- Sun direction: 128 0 (0.615661 -0.788011 -0)
7 1 1 100000 0
1547.52 0
609.097 1.92814
0.788011 0
608.317 1.92813
2.0487 0.157928
0 0
0 0
absorber 2 1.54752   609.097 1.92814   609.097 1.92814   609.097 1.92814   0 0   0 0   609.097 1.92814   609.097 1.92814   609.097 1.92814   0 0   0 0   0.393596 0.00124595   -1 -1   -1 -1   -1 -1   -1 -1   -1 -1   -1 -1   -1 -1   -1 -1   -1 -1   -1 -1   -1 -1
mirror_plane 6 1.54752 100000   0.788011 0   608.317 1.92813
2 6   609.097 1.92814   609.097 1.92814   609.097 1.92814   0 0   0 0   609.097 1.92814   609.097 1.92814   609.097 1.92814   0 0   0 0   -1 -1   -1 -1   -1 -1   -1 -1   -1 -1   -1 -1   -1 -1   -1 -1   -1 -1   -1 -1
#--- Sun direction: 129 0 (0.62932 -0.777146 -0)
7 1 1 100000 0
1547.52 0
578.149 1.90014
0.777146 0
577.488 1.90006
47.0115 0.737077
0 0
0 0
absorber 2 1.54752   578.149 1.90014   578.149 1.90014   578.149 1.90014   0 0   0 0   578.149 1.90014   578.149 1.90014   578.149 1.90014   0 0   0 0   0.373597 0.00122786   -1 -1   -1 -1   -1 -1   -1 -1   -1 -1   -1 -1   -1 -1   -1 -1   -1 -1   -1 -1   -1 -1
mirror_plane 6 1.54752 100000   0.777146 0   577.488 1.90006
2 6   578.149 1.90014   578.149 1.90014   578.149 1.90014   0 0   0 0   578.149 1.90014   578.149 1.90014   578.149 1.90014   0 0   0 0   -1 -1   -1 -1   -1 -1   -1 -1   -1 -1   -1 -1   -1 -1   -1 -1   -1 -1   -1 -1
#--- Sun direction: 130 0 (0.642788 -0.766044 -0)
7 1 1 100000 0
1547.52 0
548.872 1.86925
0.766044 0
546.632 1.86871
89.9652 0.99276
0 0
0 0
absorber 2 1.54752   548.872 1.86925   548.872 1.86925   548.872 1.86925   0 0   0 0   548.872 1.86925   548.872 1.86925   548.872 1.86925   0 0   0 0   0.354679 0.0012079   -1 -1   -1 -1   -1 -1   -1 -1   -1 -1   -1 -1   -1 -1   -1 -1   -1 -1   -1 -1   -1 -1
mirror_plane 6 1.54752 100000   0.766044 0   546.632 1.86871
2 6   548.872 1.86925   548.872 1.86925   548.872 1.86925   0 0   0 0   548.872 1.86925   548.872 1.86925   548.872 1.86925   0 0   0 0   -1 -1   -1 -1   -1 -1   -1 -1   -1 -1   -1 -1   -1 -1   -1 -1   -1 -1   -1 -1
#--- Sun direction: 131 0 (0.656059 -0.75471 -0)
7 1 1 100000 0
1547.52 0
516.61 1.83433
0.75471 1.18086e-09
515.886 1.83406
135.433 1.18251
0 0
0 0
absorber 2 1.54752   516.61 1.83433   516.61 1.83433   516.61 1.83433   0 0   0 0   516.61 1.83433   516.61 1.83433   516.61 1.83433   0 0   0 0   0.333831 0.00118534   -1 -1   -1 -1   -1 -1   -1 -1   -1 -1   -1 -1   -1 -1   -1 -1   -1 -1   -1 -1   -1 -1
mirror_plane 6 1.54752 100000   0.75471 1.18086e-09   515.886 1.83406
2 6   516.61 1.83433   516.61 1.83433   516.61 1.83433   0 0   0 0   516.61 1.83433   516.61 1.83433   516.61 1.83433   0 0   0 0   -1 -1   -1 -1   -1 -1   -1 -1   -1 -1   -1 -1   -1 -1   -1 -1   -1 -1   -1 -1
#--- Sun direction: 132 0 (0.669131 -0.743145 -0)
7 1 1 100000 0
1547.52 0
485.969 1.79642
0.743145 0
485.095 1.79599
178.968 1.31829
0 0
0 0
absorber 2 1.54752   485.969 1.79642   485.969 1.79642   485.969 1.79642   0 0   0 0   485.969 1.79642   485.969 1.79642   485.969 1.79642   0 0   0 0   0.314031 0.00116084   -1 -1   -1 -1   -1 -1   -1 -1   -1 -1   -1 -1   -1 -1   -1 -1   -1 -1   -1 -1   -1 -1
mirror_plane 6 1.54752 100000   0.743145 0   485.095 1.79599
2 6   485.969 1.79642   485.969 1.79642   485.969 1.79642   0 0   0 0   485.969 1.79642   485.969 1.79642   485.969 1.79642   0 0   0 0   -1 -1   -1 -1   -1 -1   -1 -1   -1 -1   -1 -1   -1 -1   -1 -1   -1 -1   -1 -1
#--- Sun direction: 133 0 (0.681998 -0.731354 -0)
7 1 1 100000 0
1547.52 0
454.355 1.7544
0.731354 0
453.404 1.7538
224.025 1.42605
0 0
0 0
absorber 2 1.54752   454.355 1.7544   454.355 1.7544   454.355 1.7544   0 0   0 0   454.355 1.7544   454.355 1.7544   454.355 1.7544   0 0   0 0   0.293602 0.00113369   -1 -1   -1 -1   -1 -1   -1 -1   -1 -1   -1 -1   -1 -1   -1 -1   -1 -1   -1 -1   -1 -1
mirror_plane 6 1.54752 100000   0.731354 0   453.404 1.7538
2 6   454.355 1.7544   454.355 1.7544   454.355 1.7544   0 0   0 0   454.355 1.7544   454.355 1.7544   454.355 1.7544   0 0   0 0   -1 -1   -1 -1   -1 -1   -1 -1   -1 -1   -1 -1   -1 -1   -1 -1   -1 -1   -1 -1
#--- Sun direction: 134 0 (0.694658 -0.71934 -0)
7 1 1 100000 0
1547.52 0
423.926 1.70938
0.71934 1.69113e-09
421.755 1.70768
267.511 1.50409
0 0
0 0
absorber 2 1.54752   423.926 1.70938   423.926 1.70938   423.926 1.70938   0 0   0 0   423.926 1.70938   423.926 1.70938   423.926 1.70938   0 0   0 0   0.273939 0.00110459   -1 -1   -1 -1   -1 -1   -1 -1   -1 -1   -1 -1   -1 -1   -1 -1   -1 -1   -1 -1   -1 -1
mirror_plane 6 1.54752 100000   0.71934 1.69113e-09   421.755 1.70768
2 6   423.926 1.70938   423.926 1.70938   423.926 1.70938   0 0   0 0   423.926 1.70938   423.926 1.70938   423.926 1.70938   0 0   0 0   -1 -1   -1 -1   -1 -1   -1 -1   -1 -1   -1 -1   -1 -1   -1 -1   -1 -1   -1 -1
#--- Sun direction: 135 0 (0.707107 -0.707107 -0)
7 1 1 100000 0
1547.52 0
394.689 1.66167
0.707107 0
389.896 1.6572
309.676 1.55874
0 0
0 0
absorber 2 1.54752   394.689 1.66167   394.689 1.66167   394.689 1.66167   0 0   0 0   394.689 1.66167   394.689 1.66167   394.689 1.66167   0 0   0 0   0.255046 0.00107376   -1 -1   -1 -1   -1 -1   -1 -1   -1 -1   -1 -1   -1 -1   -1 -1   -1 -1   -1 -1   -1 -1
mirror_plane 6 1.54752 100000   0.707107 0   389.896 1.6572
2 6   394.689 1.66167   394.689 1.66167   394.689 1.66167   0 0   0 0   394.689 1.66167   394.689 1.66167   394.689 1.66167   0 0   0 0   -1 -1   -1 -1   -1 -1   -1 -1   -1 -1   -1 -1   -1 -1   -1 -1   -1 -1   -1 -1
