#--- Sun direction: 90 0 (-6.12323e-17 -1 -0)
7 1 8 10000 0
0.20944 0
0.176603 0.000735618
0.990625 7.90969e-05
0.0272138 0.000704007
0.00365946 0.000271839
0 0
0 0
absorber 10 0.04   0.176603 0.000735618   0.176603 0.000735618   0.176603 0.000735618   0 0   0 0   0.176603 0.000735618   0.176603 0.000735618   0.176603 0.000735618   0 0   0 0   0.843217 0.00351231   -1 -1   -1 -1   -1 -1   -1 -1   -1 -1   -1 -1   -1 -1   -1 -1   -1 -1   -1 -1   -1 -1
reflector4.so_facet.facet 16 0.02618 1239   0.978614 2.39475e-09   0 0
reflector3.so_facet.facet 6 0.02618 1254   0.98844 0   0 0
reflector6.so_facet.facet 14 0.02618 1232   0.995664 0   0 0
reflector2.so_facet.facet 20 0.02618 1268   0.995664 0   0 0
reflector7.so_facet.facet 2 0.02618 1297   0.98844 0   0 0
reflector5.so_facet.facet 4 0.02618 1232   0.999508 0   0.0135441 0.00051496
reflector1.so_facet.facet 12 0.02618 1277   0.999508 0   0.0136697 0.000517176
reflector8.so_facet.facet 18 0.02618 1201   0.978614 2.5619e-09   0 0
10 16   0.0241854 0.000661221   0.0241854 0.000661221   0.0241854 0.000661221   0 0   0 0   0.0241854 0.000661221   0.0241854 0.000661221   0.0241854 0.000661221   0 0   0 0   -1 -1   -1 -1   -1 -1   -1 -1   -1 -1   -1 -1   -1 -1   -1 -1   -1 -1   -1 -1
10 6   0.0255047 0.000680402   0.0255047 0.000680402   0.0255047 0.000680402   0 0   0 0   0.0255047 0.000680402   0.0255047 0.000680402   0.0255047 0.000680402   0 0   0 0   -1 -1   -1 -1   -1 -1   -1 -1   -1 -1   -1 -1   -1 -1   -1 -1   -1 -1   -1 -1
10 14   0.0256703 0.000685136   0.0256703 0.000685136   0.0256703 0.000685136   0 0   0 0   0.0256703 0.000685136   0.0256703 0.000685136   0.0256703 0.000685136   0 0   0 0   -1 -1   -1 -1   -1 -1   -1 -1   -1 -1   -1 -1   -1 -1   -1 -1   -1 -1   -1 -1
10 20   0.0264001 0.000693419   0.0264001 0.000693419   0.0264001 0.000693419   0 0   0 0   0.0264001 0.000693419   0.0264001 0.000693419   0.0264001 0.000693419   0 0   0 0   -1 -1   -1 -1   -1 -1   -1 -1   -1 -1   -1 -1   -1 -1   -1 -1   -1 -1   -1 -1
10 2   0.0262914 0.000689317   0.0262914 0.000689317   0.0262914 0.000689317   0 0   0 0   0.0262914 0.000689317   0.0262914 0.000689317   0.0262914 0.000689317   0 0   0 0   -1 -1   -1 -1   -1 -1   -1 -1   -1 -1   -1 -1   -1 -1   -1 -1   -1 -1   -1 -1
10 4   0.0122462 0.000491285   0.0122462 0.000491285   0.0122462 0.000491285   0 0   0 0   0.0122462 0.000491285   0.0122462 0.000491285   0.0122462 0.000491285   0 0   0 0   -1 -1   -1 -1   -1 -1   -1 -1   -1 -1   -1 -1   -1 -1   -1 -1   -1 -1   -1 -1
10 12   0.0130626 0.000506345   0.0130626 0.000506345   0.0130626 0.000506345   0 0   0 0   0.0130626 0.000506345   0.0130626 0.000506345   0.0130626 0.000506345   0 0   0 0   -1 -1   -1 -1   -1 -1   -1 -1   -1 -1   -1 -1   -1 -1   -1 -1   -1 -1   -1 -1
10 18   0.0232426 0.000649892   0.0232426 0.000649892   0.0232426 0.000649892   0 0   0 0   0.0232426 0.000649892   0.0232426 0.000649892   0.0232426 0.000649892   0 0   0 0   -1 -1   -1 -1   -1 -1   -1 -1   -1 -1   -1 -1   -1 -1   -1 -1   -1 -1   -1 -1
#--- Sun direction: 90 1 (-6.1223e-17 -0.999848 -0.0174524)
7 1 8 10000 0
0.20944 0
0.176597 0.00073559
0.990587 7.90828e-05
0.0271918 0.00070375
0.00368003 0.000272589
0 0
0 0
absorber 10 0.04   0.176597 0.00073559   0.176597 0.00073559   0.176597 0.00073559   0 0   0 0   0.176597 0.00073559   0.176597 0.00073559   0.176597 0.00073559   0 0   0 0   0.843185 0.00351218   -1 -1   -1 -1   -1 -1   -1 -1   -1 -1   -1 -1   -1 -1   -1 -1   -1 -1   -1 -1   -1 -1
reflector4.so_facet.facet 16 0.02618 1239   0.978579 0   0 0
reflector3.so_facet.facet 6 0.02618 1255   0.988403 2.16532e-09   0 0
reflector6.so_facet.facet 14 0.02618 1232   0.995626 0   0 0
reflector2.so_facet.facet 20 0.02618 1268   0.995626 0   0 0
reflector7.so_facet.facet 2 0.02618 1297   0.988403 2.08939e-09   0 0
reflector5.so_facet.facet 4 0.02618 1232   0.99947 1.30851e-09   0.0135436 0.00051494
reflector1.so_facet.facet 12 0.02618 1276   0.99947 1.44506e-09   0.0136482 0.000516788
reflector8.so_facet.facet 18 0.02618 1201   0.978579 0   0 0
10 16   0.0241845 0.000661197   0.0241845 0.000661197   0.0241845 0.000661197   0 0   0 0   0.0241845 0.000661197   0.0241845 0.000661197   0.0241845 0.000661197   0 0   0 0   -1 -1   -1 -1   -1 -1   -1 -1   -1 -1   -1 -1   -1 -1   -1 -1   -1 -1   -1 -1
10 6   0.0255038 0.000680377   0.0255038 0.000680377   0.0255038 0.000680377   0 0   0 0   0.0255038 0.000680377   0.0255038 0.000680377   0.0255038 0.000680377   0 0   0 0   -1 -1   -1 -1   -1 -1   -1 -1   -1 -1   -1 -1   -1 -1   -1 -1   -1 -1   -1 -1
10 14   0.0256693 0.00068511   0.0256693 0.00068511   0.0256693 0.00068511   0 0   0 0   0.0256693 0.00068511   0.0256693 0.00068511   0.0256693 0.00068511   0 0   0 0   -1 -1   -1 -1   -1 -1   -1 -1   -1 -1   -1 -1   -1 -1   -1 -1   -1 -1   -1 -1
10 20   0.0263991 0.000693393   0.0263991 0.000693393   0.0263991 0.000693393   0 0   0 0   0.0263991 0.000693393   0.0263991 0.000693393   0.0263991 0.000693393   0 0   0 0   -1 -1   -1 -1   -1 -1   -1 -1   -1 -1   -1 -1   -1 -1   -1 -1   -1 -1   -1 -1
10 2   0.0262904 0.000689291   0.0262904 0.000689291   0.0262904 0.000689291   0 0   0 0   0.0262904 0.000689291   0.0262904 0.000689291   0.0262904 0.000689291   0 0   0 0   -1 -1   -1 -1   -1 -1   -1 -1   -1 -1   -1 -1   -1 -1   -1 -1   -1 -1   -1 -1
10 4   0.0122457 0.000491267   0.0122457 0.000491267   0.0122457 0.000491267   0 0   0 0   0.0122457 0.000491267   0.0122457 0.000491267   0.0122457 0.000491267   0 0   0 0   -1 -1   -1 -1   -1 -1   -1 -1   -1 -1   -1 -1   -1 -1   -1 -1   -1 -1   -1 -1
10 12   0.0130621 0.000506326   0.0130621 0.000506326   0.0130621 0.000506326   0 0   0 0   0.0130621 0.000506326   0.0130621 0.000506326   0.0130621 0.000506326   0 0   0 0   -1 -1   -1 -1   -1 -1   -1 -1   -1 -1   -1 -1   -1 -1   -1 -1   -1 -1   -1 -1
10 18   0.0232417 0.000649869   0.0232417 0.000649869   0.0232417 0.000649869   0 0   0 0   0.0232417 0.000649869   0.0232417 0.000649869   0.0232417 0.000649869   0 0   0 0   -1 -1   -1 -1   -1 -1   -1 -1   -1 -1   -1 -1   -1 -1   -1 -1   -1 -1   -1 -1
#--- Sun direction: 90 2 (-6.1195e-17 -0.999391 -0.0348995)
7 1 8 10000 0
0.20944 0
0.180797 0.000691611
0.990454 7.93225e-05
0.0230863 0.000655676
0.00355728 0.000268109
0 0
0 0
absorber 10 0.04   0.180797 0.000691611   0.180797 0.000691611   0.180797 0.000691611   0 0   0 0   0.180797 0.000691611   0.180797 0.000691611   0.180797 0.000691611   0 0   0 0   0.863241 0.00330219   -1 -1   -1 -1   -1 -1   -1 -1   -1 -1   -1 -1   -1 -1   -1 -1   -1 -1   -1 -1   -1 -1
reflector4.so_facet.facet 16 0.02618 1262   0.978472 8.3892e-10   0 0
reflector3.so_facet.facet 6 0.02618 1224   0.988293 1.04329e-09   0 0
reflector6.so_facet.facet 14 0.02618 1236   0.995514 1.37343e-09   0 0
reflector2.so_facet.facet 20 0.02618 1258   0.995514 1.45536e-09   0 0
reflector7.so_facet.facet 2 0.02618 1299   0.988293 1.40205e-09   0 0
reflector5.so_facet.facet 4 0.02618 1249   0.999356 0   0.0117211 0.000481238
reflector1.so_facet.facet 12 0.02618 1267   0.999356 0   0.0113653 0.000474304
reflector8.so_facet.facet 18 0.02618 1205   0.978472 6.78729e-10   0 0
10 16   0.0246327 0.000666426   0.0246327 0.000666426   0.0246327 0.000666426   0 0   0 0   0.0246327 0.000666426   0.0246327 0.000666426   0.0246327 0.000666426   0 0   0 0   -1 -1   -1 -1   -1 -1   -1 -1   -1 -1   -1 -1   -1 -1   -1 -1   -1 -1   -1 -1
10 6   0.0249214 0.000673598   0.0249214 0.000673598   0.0249214 0.000673598   0 0   0 0   0.0249214 0.000673598   0.0249214 0.000673598   0.0249214 0.000673598   0 0   0 0   -1 -1   -1 -1   -1 -1   -1 -1   -1 -1   -1 -1   -1 -1   -1 -1   -1 -1   -1 -1
10 14   0.0257498 0.000685988   0.0257498 0.000685988   0.0257498 0.000685988   0 0   0 0   0.0257498 0.000685988   0.0257498 0.000685988   0.0257498 0.000685988   0 0   0 0   -1 -1   -1 -1   -1 -1   -1 -1   -1 -1   -1 -1   -1 -1   -1 -1   -1 -1   -1 -1
10 20   0.0261877 0.000690966   0.0261877 0.000690966   0.0261877 0.000690966   0 0   0 0   0.0261877 0.000690966   0.0261877 0.000690966   0.0261877 0.000690966   0 0   0 0   -1 -1   -1 -1   -1 -1   -1 -1   -1 -1   -1 -1   -1 -1   -1 -1   -1 -1   -1 -1
10 2   0.0262047 0.000688286   0.0262047 0.000688286   0.0262047 0.000688286   0 0   0 0   0.0262047 0.000688286   0.0262047 0.000688286   0.0262047 0.000688286   0 0   0 0   -1 -1   -1 -1   -1 -1   -1 -1   -1 -1   -1 -1   -1 -1   -1 -1   -1 -1   -1 -1
10 4   0.0144211 0.000530136   0.0144211 0.000530136   0.0144211 0.000530136   0 0   0 0   0.0144211 0.000530136   0.0144211 0.000530136   0.0144211 0.000530136   0 0   0 0   -1 -1   -1 -1   -1 -1   -1 -1   -1 -1   -1 -1   -1 -1   -1 -1   -1 -1   -1 -1
10 12   0.0151537 0.000542412   0.0151537 0.000542412   0.0151537 0.000542412   0 0   0 0   0.0151537 0.000542412   0.0151537 0.000542412   0.0151537 0.000542412   0 0   0 0   -1 -1   -1 -1   -1 -1   -1 -1   -1 -1   -1 -1   -1 -1   -1 -1   -1 -1   -1 -1
10 18   0.0235261 0.00065328   0.0235261 0.00065328   0.0235261 0.00065328   0 0   0 0   0.0235261 0.00065328   0.0235261 0.00065328   0.0235261 0.00065328   0 0   0 0   -1 -1   -1 -1   -1 -1   -1 -1   -1 -1   -1 -1   -1 -1   -1 -1   -1 -1   -1 -1
#--- Sun direction: 90 3 (-6.11484e-17 -0.99863 -0.052336)
7 1 8 10000 0
0.20944 0
0.1861 0.000627731
0.990267 7.88195e-05
0.0176829 0.000582042
0.00361882 0.000270371
0 0
0 0
absorber 10 0.04   0.1861 0.000627731   0.1861 0.000627731   0.1861 0.000627731   0 0   0 0   0.1861 0.000627731   0.1861 0.000627731   0.1861 0.000627731   0 0   0 0   0.888559 0.00299719   -1 -1   -1 -1   -1 -1   -1 -1   -1 -1   -1 -1   -1 -1   -1 -1   -1 -1   -1 -1   -1 -1
reflector4.so_facet.facet 16 0.02618 1216   0.978294 1.78761e-09   0 0
reflector3.so_facet.facet 6 0.02618 1257   0.988109 0   0 0
reflector6.so_facet.facet 14 0.02618 1261   0.995326 2.11901e-09   0 0
reflector2.so_facet.facet 20 0.02618 1245   0.995326 2.29375e-09   0 0
reflector7.so_facet.facet 2 0.02618 1326   0.988109 0   0 0
reflector5.so_facet.facet 4 0.02618 1241   0.999166 1.74405e-09   0.0089147 0.000422619
reflector1.so_facet.facet 12 0.02618 1236   0.999166 1.82304e-09   0.00876821 0.000419285
reflector8.so_facet.facet 18 0.02618 1218   0.978294 1.86112e-09   0 0
10 16   0.0237882 0.000656367   0.0237882 0.000656367   0.0237882 0.000656367   0 0   0 0   0.0237882 0.000656367   0.0237882 0.000656367   0.0237882 0.000656367   0 0   0 0   -1 -1   -1 -1   -1 -1   -1 -1   -1 -1   -1 -1   -1 -1   -1 -1   -1 -1   -1 -1
10 6   0.0253927 0.000678986   0.0253927 0.000678986   0.0253927 0.000678986   0 0   0 0   0.0253927 0.000678986   0.0253927 0.000678986   0.0253927 0.000678986   0 0   0 0   -1 -1   -1 -1   -1 -1   -1 -1   -1 -1   -1 -1   -1 -1   -1 -1   -1 -1   -1 -1
10 14   0.0262661 0.000691777   0.0262661 0.000691777   0.0262661 0.000691777   0 0   0 0   0.0262661 0.000691777   0.0262661 0.000691777   0.0262661 0.000691777   0 0   0 0   -1 -1   -1 -1   -1 -1   -1 -1   -1 -1   -1 -1   -1 -1   -1 -1   -1 -1   -1 -1
10 20   0.0259534 0.000688236   0.0259534 0.000688236   0.0259534 0.000688236   0 0   0 0   0.0259534 0.000688236   0.0259534 0.000688236   0.0259534 0.000688236   0 0   0 0   -1 -1   -1 -1   -1 -1   -1 -1   -1 -1   -1 -1   -1 -1   -1 -1   -1 -1   -1 -1
10 2   0.0268207 0.000695067   0.0268207 0.000695067   0.0268207 0.000695067   0 0   0 0   0.0268207 0.000695067   0.0268207 0.000695067   0.0268207 0.000695067   0 0   0 0   -1 -1   -1 -1   -1 -1   -1 -1   -1 -1   -1 -1   -1 -1   -1 -1   -1 -1   -1 -1
10 4   0.0170551 0.000572553   0.0170551 0.000572553   0.0170551 0.000572553   0 0   0 0   0.0170551 0.000572553   0.0170551 0.000572553   0.0170551 0.000572553   0 0   0 0   -1 -1   -1 -1   -1 -1   -1 -1   -1 -1   -1 -1   -1 -1   -1 -1   -1 -1   -1 -1
10 12   0.017097 0.000573192   0.017097 0.000573192   0.017097 0.000573192   0 0   0 0   0.017097 0.000573192   0.017097 0.000573192   0.017097 0.000573192   0 0   0 0   -1 -1   -1 -1   -1 -1   -1 -1   -1 -1   -1 -1   -1 -1   -1 -1   -1 -1   -1 -1
10 18   0.0237267 0.000655629   0.0237267 0.000655629   0.0237267 0.000655629   0 0   0 0   0.0237267 0.000655629   0.0237267 0.000655629   0.0237267 0.000655629   0 0   0 0   -1 -1   -1 -1   -1 -1   -1 -1   -1 -1   -1 -1   -1 -1   -1 -1   -1 -1   -1 -1
#--- Sun direction: 90 4 (-6.10832e-17 -0.997564 -0.0697565)
7 1 8 10000 0
0.20944 0
0.191314 0.000552798
0.990063 7.89811e-05
0.012448 0.000494902
0.00359659 0.00026949
0 0
0 0
absorber 10 0.04   0.191314 0.000552798   0.191314 0.000552798   0.191314 0.000552798   0 0   0 0   0.191314 0.000552798   0.191314 0.000552798   0.191314 0.000552798   0 0   0 0   0.913457 0.00263941   -1 -1   -1 -1   -1 -1   -1 -1   -1 -1   -1 -1   -1 -1   -1 -1   -1 -1   -1 -1   -1 -1
reflector4.so_facet.facet 16 0.02618 1218   0.978044 1.86112e-09   0 0
reflector3.so_facet.facet 6 0.02618 1209   0.987852 1.60351e-09   0 0
reflector6.so_facet.facet 14 0.02618 1290   0.995063 1.90123e-09   0 0
reflector2.so_facet.facet 20 0.02618 1243   0.995063 1.86639e-09   0 0
reflector7.so_facet.facet 2 0.02618 1309   0.987852 1.45615e-09   0 0
reflector5.so_facet.facet 4 0.02618 1258   0.9989 7.2768e-10   0.00627629 0.000356885
reflector1.so_facet.facet 12 0.02618 1254   0.9989 5.95095e-10   0.00617168 0.000353989
reflector8.so_facet.facet 18 0.02618 1219   0.978044 2.00184e-09   0 0
10 16   0.0238231 0.00065669   0.0238231 0.00065669   0.0238231 0.00065669   0 0   0 0   0.0238231 0.00065669   0.0238231 0.00065669   0.0238231 0.00065669   0 0   0 0   -1 -1   -1 -1   -1 -1   -1 -1   -1 -1   -1 -1   -1 -1   -1 -1   -1 -1   -1 -1
10 6   0.0244551 0.000667952   0.0244551 0.000667952   0.0244551 0.000667952   0 0   0 0   0.0244551 0.000667952   0.0244551 0.000667952   0.0244551 0.000667952   0 0   0 0   -1 -1   -1 -1   -1 -1   -1 -1   -1 -1   -1 -1   -1 -1   -1 -1   -1 -1   -1 -1
10 14   0.0268635 0.000698346   0.0268635 0.000698346   0.0268635 0.000698346   0 0   0 0   0.0268635 0.000698346   0.0268635 0.000698346   0.0268635 0.000698346   0 0   0 0   -1 -1   -1 -1   -1 -1   -1 -1   -1 -1   -1 -1   -1 -1   -1 -1   -1 -1   -1 -1
10 20   0.0259049 0.00068758   0.0259049 0.00068758   0.0259049 0.00068758   0 0   0 0   0.0259049 0.00068758   0.0259049 0.00068758   0.0259049 0.00068758   0 0   0 0   -1 -1   -1 -1   -1 -1   -1 -1   -1 -1   -1 -1   -1 -1   -1 -1   -1 -1   -1 -1
10 2   0.0264826 0.000691217   0.0264826 0.000691217   0.0264826 0.000691217   0 0   0 0   0.0264826 0.000691217   0.0264826 0.000691217   0.0264826 0.000691217   0 0   0 0   -1 -1   -1 -1   -1 -1   -1 -1   -1 -1   -1 -1   -1 -1   -1 -1   -1 -1   -1 -1
10 4   0.0200423 0.000615739   0.0200423 0.000615739   0.0200423 0.000615739   0 0   0 0   0.0200423 0.000615739   0.0200423 0.000615739   0.0200423 0.000615739   0 0   0 0   -1 -1   -1 -1   -1 -1   -1 -1   -1 -1   -1 -1   -1 -1   -1 -1   -1 -1   -1 -1
10 12   0.0200632 0.000616026   0.0200632 0.000616026   0.0200632 0.000616026   0 0   0 0   0.0200632 0.000616026   0.0200632 0.000616026   0.0200632 0.000616026   0 0   0 0   -1 -1   -1 -1   -1 -1   -1 -1   -1 -1   -1 -1   -1 -1   -1 -1   -1 -1   -1 -1
10 18   0.0236797 0.00065497   0.0236797 0.00065497   0.0236797 0.00065497   0 0   0 0   0.0236797 0.00065497   0.0236797 0.00065497   0.0236797 0.00065497   0 0   0 0   -1 -1   -1 -1   -1 -1   -1 -1   -1 -1   -1 -1   -1 -1   -1 -1   -1 -1   -1 -1
#--- Sun direction: 90 5 (-6.09993e-17 -0.996195 -0.0871557)
7 1 8 10000 0
0.20944 0
0.195908 0.000471987
0.989793 7.92405e-05
0.00759171 0.000391162
0.00380247 0.000276969
0 0
0 0
absorber 10 0.04   0.195908 0.000471987   0.195908 0.000471987   0.195908 0.000471987   0 0   0 0   0.195908 0.000471987   0.195908 0.000471987   0.195908 0.000471987   0 0   0 0   0.93539 0.00225356   -1 -1   -1 -1   -1 -1   -1 -1   -1 -1   -1 -1   -1 -1   -1 -1   -1 -1   -1 -1   -1 -1
reflector4.so_facet.facet 16 0.02618 1210   0.977724 1.54454e-09   0 0
reflector3.so_facet.facet 6 0.02618 1196   0.987521 0   0 0
reflector6.so_facet.facet 14 0.02618 1272   0.994725 0   0 0
reflector2.so_facet.facet 20 0.02618 1265   0.994725 0   0 0
reflector7.so_facet.facet 2 0.02618 1251   0.987521 0   0 0
reflector5.so_facet.facet 4 0.02618 1319   0.998557 0   0.00403636 0.000287726
reflector1.so_facet.facet 12 0.02618 1253   0.998557 0   0.00355534 0.000270355
reflector8.so_facet.facet 18 0.02618 1234   0.977724 1.64289e-09   0 0
10 16   0.0235081 0.000652781   0.0235081 0.000652781   0.0235081 0.000652781   0 0   0 0   0.0235081 0.000652781   0.0235081 0.000652781   0.0235081 0.000652781   0 0   0 0   -1 -1   -1 -1   -1 -1   -1 -1   -1 -1   -1 -1   -1 -1   -1 -1   -1 -1   -1 -1
10 6   0.0240332 0.000662806   0.0240332 0.000662806   0.0240332 0.000662806   0 0   0 0   0.0240332 0.000662806   0.0240332 0.000662806   0.0240332 0.000662806   0 0   0 0   -1 -1   -1 -1   -1 -1   -1 -1   -1 -1   -1 -1   -1 -1   -1 -1   -1 -1   -1 -1
10 14   0.0264586 0.0006937   0.0264586 0.0006937   0.0264586 0.0006937   0 0   0 0   0.0264586 0.0006937   0.0264586 0.0006937   0.0264586 0.0006937   0 0   0 0   -1 -1   -1 -1   -1 -1   -1 -1   -1 -1   -1 -1   -1 -1   -1 -1   -1 -1   -1 -1
10 20   0.0263127 0.000692063   0.0263127 0.000692063   0.0263127 0.000692063   0 0   0 0   0.0263127 0.000692063   0.0263127 0.000692063   0.0263127 0.000692063   0 0   0 0   -1 -1   -1 -1   -1 -1   -1 -1   -1 -1   -1 -1   -1 -1   -1 -1   -1 -1   -1 -1
10 2   0.0252949 0.00067763   0.0252949 0.00067763   0.0252949 0.00067763   0 0   0 0   0.0252949 0.00067763   0.0252949 0.00067763   0.0252949 0.00067763   0 0   0 0   -1 -1   -1 -1   -1 -1   -1 -1   -1 -1   -1 -1   -1 -1   -1 -1   -1 -1   -1 -1
10 4   0.0235489 0.000661092   0.0235489 0.000661092   0.0235489 0.000661092   0 0   0 0   0.0235489 0.000661092   0.0235489 0.000661092   0.0235489 0.000661092   0 0   0 0   -1 -1   -1 -1   -1 -1   -1 -1   -1 -1   -1 -1   -1 -1   -1 -1   -1 -1   -1 -1
10 12   0.0226496 0.000649915   0.0226496 0.000649915   0.0226496 0.000649915   0 0   0 0   0.0226496 0.000649915   0.0226496 0.000649915   0.0226496 0.000649915   0 0   0 0   -1 -1   -1 -1   -1 -1   -1 -1   -1 -1   -1 -1   -1 -1   -1 -1   -1 -1   -1 -1
10 18   0.024102 0.000659891   0.024102 0.000659891   0.024102 0.000659891   0 0   0 0   0.024102 0.000659891   0.024102 0.000659891   0.024102 0.000659891   0 0   0 0   -1 -1   -1 -1   -1 -1   -1 -1   -1 -1   -1 -1   -1 -1   -1 -1   -1 -1   -1 -1
#--- Sun direction: 90 6 (-6.08969e-17 -0.994522 -0.104528)
7 1 8 10000 0
0.20944 0
0.200729 0.000361181
0.989307 7.91362e-05
0.00255041 0.000229491
0.00392064 0.000280968
0 0
0 0
absorber 10 0.04   0.200729 0.000361181   0.200729 0.000361181   0.200729 0.000361181   0 0   0 0   0.200729 0.000361181   0.200729 0.000361181   0.200729 0.000361181   0 0   0 0   0.95841 0.00172451   -1 -1   -1 -1   -1 -1   -1 -1   -1 -1   -1 -1   -1 -1   -1 -1   -1 -1   -1 -1   -1 -1
reflector4.so_facet.facet 16 0.02618 1251   0.977332 0   0 0
reflector3.so_facet.facet 6 0.02618 1256   0.987117 1.07197e-09   0 0
reflector6.so_facet.facet 14 0.02618 1244   0.994311 1.03487e-09   0 0
reflector2.so_facet.facet 20 0.02618 1255   0.994311 9.8646e-10   0 0
reflector7.so_facet.facet 2 0.02618 1238   0.987117 1.15982e-09   0 0
reflector5.so_facet.facet 4 0.02618 1231   0.998139 5.2016e-10   0.00135883 0.000167993
reflector1.so_facet.facet 12 0.02618 1312   0.998139 0   0.00119159 0.000157379
reflector8.so_facet.facet 18 0.02618 1213   0.977332 0   0 0
10 16   0.0240718 0.000659384   0.0240718 0.000659384   0.0240718 0.000659384   0 0   0 0   0.0240718 0.000659384   0.0240718 0.000659384   0.0240718 0.000659384   0 0   0 0   -1 -1   -1 -1   -1 -1   -1 -1   -1 -1   -1 -1   -1 -1   -1 -1   -1 -1   -1 -1
10 6   0.0254706 0.000679491   0.0254706 0.000679491   0.0254706 0.000679491   0 0   0 0   0.0254706 0.000679491   0.0254706 0.000679491   0.0254706 0.000679491   0 0   0 0   -1 -1   -1 -1   -1 -1   -1 -1   -1 -1   -1 -1   -1 -1   -1 -1   -1 -1   -1 -1
10 14   0.0259061 0.000687298   0.0259061 0.000687298   0.0259061 0.000687298   0 0   0 0   0.0259061 0.000687298   0.0259061 0.000687298   0.0259061 0.000687298   0 0   0 0   -1 -1   -1 -1   -1 -1   -1 -1   -1 -1   -1 -1   -1 -1   -1 -1   -1 -1   -1 -1
10 20   0.0261144 0.000689661   0.0261144 0.000689661   0.0261144 0.000689661   0 0   0 0   0.0261144 0.000689661   0.0261144 0.000689661   0.0261144 0.000689661   0 0   0 0   -1 -1   -1 -1   -1 -1   -1 -1   -1 -1   -1 -1   -1 -1   -1 -1   -1 -1   -1 -1
10 2   0.0250158 0.000674241   0.0250158 0.000674241   0.0250158 0.000674241   0 0   0 0   0.0250158 0.000674241   0.0250158 0.000674241   0.0250158 0.000674241   0 0   0 0   -1 -1   -1 -1   -1 -1   -1 -1   -1 -1   -1 -1   -1 -1   -1 -1   -1 -1   -1 -1
10 4   0.0243753 0.000670932   0.0243753 0.000670932   0.0243753 0.000670932   0 0   0 0   0.0243753 0.000670932   0.0243753 0.000670932   0.0243753 0.000670932   0 0   0 0   -1 -1   -1 -1   -1 -1   -1 -1   -1 -1   -1 -1   -1 -1   -1 -1   -1 -1   -1 -1
10 12   0.0262358 0.000692552   0.0262358 0.000692552   0.0262358 0.000692552   0 0   0 0   0.0262358 0.000692552   0.0262358 0.000692552   0.0262358 0.000692552   0 0   0 0   -1 -1   -1 -1   -1 -1   -1 -1   -1 -1   -1 -1   -1 -1   -1 -1   -1 -1   -1 -1
10 18   0.0235396 0.000653014   0.0235396 0.000653014   0.0235396 0.000653014   0 0   0 0   0.0235396 0.000653014   0.0235396 0.000653014   0.0235396 0.000653014   0 0   0 0   -1 -1   -1 -1   -1 -1   -1 -1   -1 -1   -1 -1   -1 -1   -1 -1   -1 -1   -1 -1
#--- Sun direction: 90 7 (-6.07759e-17 -0.992546 -0.121869)
7 1 8 10000 0
0.20944 0
0.203363 0.000277358
0.98882 7.86615e-05
0 0
0.0037356 0.000274373
0 0
0 0
absorber 10 0.04   0.203363 0.000277358   0.203363 0.000277358   0.203363 0.000277358   0 0   0 0   0.203363 0.000277358   0.203363 0.000277358   0.203363 0.000277358   0 0   0 0   0.970984 0.00132428   -1 -1   -1 -1   -1 -1   -1 -1   -1 -1   -1 -1   -1 -1   -1 -1   -1 -1   -1 -1   -1 -1
reflector4.so_facet.facet 16 0.02618 1225   0.97687 9.03147e-10   0 0
reflector3.so_facet.facet 6 0.02618 1318   0.986639 0   0 0
reflector6.so_facet.facet 14 0.02618 1196   0.993823 0   0 0
reflector2.so_facet.facet 20 0.02618 1316   0.993823 0   0 0
reflector7.so_facet.facet 2 0.02618 1222   0.986639 0   0 0
reflector5.so_facet.facet 4 0.02618 1201   0.997645 1.66531e-09   0 0
reflector1.so_facet.facet 12 0.02618 1307   0.997645 1.93328e-09   0 0
reflector8.so_facet.facet 18 0.02618 1215   0.97687 8.54992e-10   0 0
10 16   0.0237535 0.000655411   0.0237535 0.000655411   0.0237535 0.000655411   0 0   0 0   0.0237535 0.000655411   0.0237535 0.000655411   0.0237535 0.000655411   0 0   0 0   -1 -1   -1 -1   -1 -1   -1 -1   -1 -1   -1 -1   -1 -1   -1 -1   -1 -1   -1 -1
10 6   0.0266361 0.000692434   0.0266361 0.000692434   0.0266361 0.000692434   0 0   0 0   0.0266361 0.000692434   0.0266361 0.000692434   0.0266361 0.000692434   0 0   0 0   -1 -1   -1 -1   -1 -1   -1 -1   -1 -1   -1 -1   -1 -1   -1 -1   -1 -1   -1 -1
10 14   0.0248943 0.000675421   0.0248943 0.000675421   0.0248943 0.000675421   0 0   0 0   0.0248943 0.000675421   0.0248943 0.000675421   0.0248943 0.000675421   0 0   0 0   -1 -1   -1 -1   -1 -1   -1 -1   -1 -1   -1 -1   -1 -1   -1 -1   -1 -1   -1 -1
10 20   0.0273504 0.000703196   0.0273504 0.000703196   0.0273504 0.000703196   0 0   0 0   0.0273504 0.000703196   0.0273504 0.000703196   0.0273504 0.000703196   0 0   0 0   -1 -1   -1 -1   -1 -1   -1 -1   -1 -1   -1 -1   -1 -1   -1 -1   -1 -1   -1 -1
10 2   0.0247144 0.000670539   0.0247144 0.000670539   0.0247144 0.000670539   0 0   0 0   0.0247144 0.000670539   0.0247144 0.000670539   0.0247144 0.000670539   0 0   0 0   -1 -1   -1 -1   -1 -1   -1 -1   -1 -1   -1 -1   -1 -1   -1 -1   -1 -1   -1 -1
10 4   0.0250945 0.000679241   0.0250945 0.000679241   0.0250945 0.000679241   0 0   0 0   0.0250945 0.000679241   0.0250945 0.000679241   0.0250945 0.000679241   0 0   0 0   -1 -1   -1 -1   -1 -1   -1 -1   -1 -1   -1 -1   -1 -1   -1 -1   -1 -1   -1 -1
10 12   0.0273094 0.000704301   0.0273094 0.000704301   0.0273094 0.000704301   0 0   0 0   0.0273094 0.000704301   0.0273094 0.000704301   0.0273094 0.000704301   0 0   0 0   -1 -1   -1 -1   -1 -1   -1 -1   -1 -1   -1 -1   -1 -1   -1 -1   -1 -1   -1 -1
10 18   0.0236103 0.000653691   0.0236103 0.000653691   0.0236103 0.000653691   0 0   0 0   0.0236103 0.000653691   0.0236103 0.000653691   0.0236103 0.000653691   0 0   0 0   -1 -1   -1 -1   -1 -1   -1 -1   -1 -1   -1 -1   -1 -1   -1 -1   -1 -1   -1 -1
#--- Sun direction: 90 8 (-6.06364e-17 -0.990268 -0.139173)
7 1 8 10000 0
0.20944 0
0.203248 0.0002772
0.988261 7.85558e-05
0 0
0.00373334 0.000274207
0 0
0 0
absorber 10 0.04   0.203248 0.0002772   0.203248 0.0002772   0.203248 0.0002772   0 0   0 0   0.203248 0.0002772   0.203248 0.0002772   0.203248 0.0002772   0 0   0 0   0.970436 0.00132353   -1 -1   -1 -1   -1 -1   -1 -1   -1 -1   -1 -1   -1 -1   -1 -1   -1 -1   -1 -1   -1 -1
reflector4.so_facet.facet 16 0.02618 1223   0.976336 1.08633e-09   0 0
reflector3.so_facet.facet 6 0.02618 1307   0.986089 0   0 0
reflector6.so_facet.facet 14 0.02618 1200   0.99326 1.55096e-09   0 0
reflector2.so_facet.facet 20 0.02618 1320   0.99326 1.8795e-09   0 0
reflector7.so_facet.facet 2 0.02618 1225   0.986089 0   0 0
reflector5.so_facet.facet 4 0.02618 1190   0.997076 6.10888e-10   0 0
reflector1.so_facet.facet 12 0.02618 1313   0.997076 0   0 0
reflector8.so_facet.facet 18 0.02618 1222   0.976336 9.99691e-10   0 0
10 16   0.0237201 0.000654808   0.0237201 0.000654808   0.0237201 0.000654808   0 0   0 0   0.0237201 0.000654808   0.0237201 0.000654808   0.0237201 0.000654808   0 0   0 0   -1 -1   -1 -1   -1 -1   -1 -1   -1 -1   -1 -1   -1 -1   -1 -1   -1 -1   -1 -1
10 6   0.0264147 0.000689754   0.0264147 0.000689754   0.0264147 0.000689754   0 0   0 0   0.0264147 0.000689754   0.0264147 0.000689754   0.0264147 0.000689754   0 0   0 0   -1 -1   -1 -1   -1 -1   -1 -1   -1 -1   -1 -1   -1 -1   -1 -1   -1 -1   -1 -1
10 14   0.0249634 0.000676012   0.0249634 0.000676012   0.0249634 0.000676012   0 0   0 0   0.0249634 0.000676012   0.0249634 0.000676012   0.0249634 0.000676012   0 0   0 0   -1 -1   -1 -1   -1 -1   -1 -1   -1 -1   -1 -1   -1 -1   -1 -1   -1 -1   -1 -1
10 20   0.0274181 0.000703704   0.0274181 0.000703704   0.0274181 0.000703704   0 0   0 0   0.0274181 0.000703704   0.0274181 0.000703704   0.0274181 0.000703704   0 0   0 0   -1 -1   -1 -1   -1 -1   -1 -1   -1 -1   -1 -1   -1 -1   -1 -1   -1 -1   -1 -1
10 2   0.0247625 0.00067089   0.0247625 0.00067089   0.0247625 0.00067089   0 0   0 0   0.0247625 0.00067089   0.0247625 0.00067089   0.0247625 0.00067089   0 0   0 0   -1 -1   -1 -1   -1 -1   -1 -1   -1 -1   -1 -1   -1 -1   -1 -1   -1 -1   -1 -1
10 4   0.0248505 0.000676159   0.0248505 0.000676159   0.0248505 0.000676159   0 0   0 0   0.0248505 0.000676159   0.0248505 0.000676159   0.0248505 0.000676159   0 0   0 0   -1 -1   -1 -1   -1 -1   -1 -1   -1 -1   -1 -1   -1 -1   -1 -1   -1 -1   -1 -1
10 12   0.0274191 0.000705269   0.0274191 0.000705269   0.0274191 0.000705269   0 0   0 0   0.0274191 0.000705269   0.0274191 0.000705269   0.0274191 0.000705269   0 0   0 0   -1 -1   -1 -1   -1 -1   -1 -1   -1 -1   -1 -1   -1 -1   -1 -1   -1 -1   -1 -1
10 18   0.0236997 0.000654563   0.0236997 0.000654563   0.0236997 0.000654563   0 0   0 0   0.0236997 0.000654563   0.0236997 0.000654563   0.0236997 0.000654563   0 0   0 0   -1 -1   -1 -1   -1 -1   -1 -1   -1 -1   -1 -1   -1 -1   -1 -1   -1 -1   -1 -1
#--- Sun direction: 90 9 (-6.04785e-17 -0.987688 -0.156434)
7 1 8 10000 0
0.20944 0
0.203119 0.000277023
0.987633 7.84006e-05
0 0
0.00373101 0.000274036
0 0
0 0
absorber 10 0.04   0.203119 0.000277023   0.203119 0.000277023   0.203119 0.000277023   0 0   0 0   0.203119 0.000277023   0.203119 0.000277023   0.203119 0.000277023   0 0   0 0   0.969819 0.00132268   -1 -1   -1 -1   -1 -1   -1 -1   -1 -1   -1 -1   -1 -1   -1 -1   -1 -1   -1 -1   -1 -1
reflector4.so_facet.facet 16 0.02618 1223   0.975731 2.53876e-09   0 0
reflector3.so_facet.facet 6 0.02618 1307   0.985465 0   0 0
reflector6.so_facet.facet 14 0.02618 1200   0.992622 0   0 0
reflector2.so_facet.facet 20 0.02618 1320   0.992622 0   0 0
reflector7.so_facet.facet 2 0.02618 1225   0.985465 0   0 0
reflector5.so_facet.facet 4 0.02618 1190   0.99643 0   0 0
reflector1.so_facet.facet 12 0.02618 1313   0.99643 0   0 0
reflector8.so_facet.facet 18 0.02618 1222   0.975731 2.5929e-09   0 0
10 16   0.0237054 0.000654402   0.0237054 0.000654402   0.0237054 0.000654402   0 0   0 0   0.0237054 0.000654402   0.0237054 0.000654402   0.0237054 0.000654402   0 0   0 0   -1 -1   -1 -1   -1 -1   -1 -1   -1 -1   -1 -1   -1 -1   -1 -1   -1 -1   -1 -1
10 6   0.026398 0.000689317   0.026398 0.000689317   0.026398 0.000689317   0 0   0 0   0.026398 0.000689317   0.026398 0.000689317   0.026398 0.000689317   0 0   0 0   -1 -1   -1 -1   -1 -1   -1 -1   -1 -1   -1 -1   -1 -1   -1 -1   -1 -1   -1 -1
10 14   0.0249474 0.000675578   0.0249474 0.000675578   0.0249474 0.000675578   0 0   0 0   0.0249474 0.000675578   0.0249474 0.000675578   0.0249474 0.000675578   0 0   0 0   -1 -1   -1 -1   -1 -1   -1 -1   -1 -1   -1 -1   -1 -1   -1 -1   -1 -1   -1 -1
10 20   0.0274005 0.000703252   0.0274005 0.000703252   0.0274005 0.000703252   0 0   0 0   0.0274005 0.000703252   0.0274005 0.000703252   0.0274005 0.000703252   0 0   0 0   -1 -1   -1 -1   -1 -1   -1 -1   -1 -1   -1 -1   -1 -1   -1 -1   -1 -1   -1 -1
10 2   0.0247468 0.000670465   0.0247468 0.000670465   0.0247468 0.000670465   0 0   0 0   0.0247468 0.000670465   0.0247468 0.000670465   0.0247468 0.000670465   0 0   0 0   -1 -1   -1 -1   -1 -1   -1 -1   -1 -1   -1 -1   -1 -1   -1 -1   -1 -1   -1 -1
10 4   0.0248344 0.000675722   0.0248344 0.000675722   0.0248344 0.000675722   0 0   0 0   0.0248344 0.000675722   0.0248344 0.000675722   0.0248344 0.000675722   0 0   0 0   -1 -1   -1 -1   -1 -1   -1 -1   -1 -1   -1 -1   -1 -1   -1 -1   -1 -1   -1 -1
10 12   0.0274013 0.000704812   0.0274013 0.000704812   0.0274013 0.000704812   0 0   0 0   0.0274013 0.000704812   0.0274013 0.000704812   0.0274013 0.000704812   0 0   0 0   -1 -1   -1 -1   -1 -1   -1 -1   -1 -1   -1 -1   -1 -1   -1 -1   -1 -1   -1 -1
10 18   0.023685 0.000654157   0.023685 0.000654157   0.023685 0.000654157   0 0   0 0   0.023685 0.000654157   0.023685 0.000654157   0.023685 0.000654157   0 0   0 0   -1 -1   -1 -1   -1 -1   -1 -1   -1 -1   -1 -1   -1 -1   -1 -1   -1 -1   -1 -1
#--- Sun direction: 90 10 (-6.03021e-17 -0.984808 -0.173648)
7 1 8 10000 0
0.20944 0
0.202974 0.000276824
0.986931 7.82272e-05
0 0
0.00372841 0.000273845
0 0
0 0
absorber 10 0.04   0.202974 0.000276824   0.202974 0.000276824   0.202974 0.000276824   0 0   0 0   0.202974 0.000276824   0.202974 0.000276824   0.202974 0.000276824   0 0   0 0   0.969129 0.00132174   -1 -1   -1 -1   -1 -1   -1 -1   -1 -1   -1 -1   -1 -1   -1 -1   -1 -1   -1 -1   -1 -1
reflector4.so_facet.facet 16 0.02618 1223   0.975055 0   0 0
reflector3.so_facet.facet 6 0.02618 1307   0.984767 0   0 0
reflector6.so_facet.facet 14 0.02618 1200   0.991908 2.21438e-09   0 0
reflector2.so_facet.facet 20 0.02618 1320   0.991908 2.07111e-09   0 0
reflector7.so_facet.facet 2 0.02618 1225   0.984767 0   0 0
reflector5.so_facet.facet 4 0.02618 1190   0.995708 8.08129e-10   0 0
reflector1.so_facet.facet 12 0.02618 1313   0.995708 0   0 0
reflector8.so_facet.facet 18 0.02618 1222   0.975055 0   0 0
10 16   0.023689 0.000653949   0.023689 0.000653949   0.023689 0.000653949   0 0   0 0   0.023689 0.000653949   0.023689 0.000653949   0.023689 0.000653949   0 0   0 0   -1 -1   -1 -1   -1 -1   -1 -1   -1 -1   -1 -1   -1 -1   -1 -1   -1 -1   -1 -1
10 6   0.0263793 0.000688829   0.0263793 0.000688829   0.0263793 0.000688829   0 0   0 0   0.0263793 0.000688829   0.0263793 0.000688829   0.0263793 0.000688829   0 0   0 0   -1 -1   -1 -1   -1 -1   -1 -1   -1 -1   -1 -1   -1 -1   -1 -1   -1 -1   -1 -1
10 14   0.0249294 0.000675092   0.0249294 0.000675092   0.0249294 0.000675092   0 0   0 0   0.0249294 0.000675092   0.0249294 0.000675092   0.0249294 0.000675092   0 0   0 0   -1 -1   -1 -1   -1 -1   -1 -1   -1 -1   -1 -1   -1 -1   -1 -1   -1 -1   -1 -1
10 20   0.0273808 0.000702747   0.0273808 0.000702747   0.0273808 0.000702747   0 0   0 0   0.0273808 0.000702747   0.0273808 0.000702747   0.0273808 0.000702747   0 0   0 0   -1 -1   -1 -1   -1 -1   -1 -1   -1 -1   -1 -1   -1 -1   -1 -1   -1 -1   -1 -1
10 2   0.0247293 0.000669991   0.0247293 0.000669991   0.0247293 0.000669991   0 0   0 0   0.0247293 0.000669991   0.0247293 0.000669991   0.0247293 0.000669991   0 0   0 0   -1 -1   -1 -1   -1 -1   -1 -1   -1 -1   -1 -1   -1 -1   -1 -1   -1 -1   -1 -1
10 4   0.0248164 0.000675232   0.0248164 0.000675232   0.0248164 0.000675232   0 0   0 0   0.0248164 0.000675232   0.0248164 0.000675232   0.0248164 0.000675232   0 0   0 0   -1 -1   -1 -1   -1 -1   -1 -1   -1 -1   -1 -1   -1 -1   -1 -1   -1 -1   -1 -1
10 12   0.0273814 0.000704302   0.0273814 0.000704302   0.0273814 0.000704302   0 0   0 0   0.0273814 0.000704302   0.0273814 0.000704302   0.0273814 0.000704302   0 0   0 0   -1 -1   -1 -1   -1 -1   -1 -1   -1 -1   -1 -1   -1 -1   -1 -1   -1 -1   -1 -1
10 18   0.0236686 0.000653704   0.0236686 0.000653704   0.0236686 0.000653704   0 0   0 0   0.0236686 0.000653704   0.0236686 0.000653704   0.0236686 0.000653704   0 0   0 0   -1 -1   -1 -1   -1 -1   -1 -1   -1 -1   -1 -1   -1 -1   -1 -1   -1 -1   -1 -1
#--- Sun direction: 90 11 (-6.01073e-17 -0.981627 -0.190809)
7 1 8 10000 0
0.20944 0
0.202815 0.000276605
0.986155 7.80357e-05
0 0
0.00372554 0.000273634
0 0
0 0
absorber 10 0.04   0.202815 0.000276605   0.202815 0.000276605   0.202815 0.000276605   0 0   0 0   0.202815 0.000276605   0.202815 0.000276605   0.202815 0.000276605   0 0   0 0   0.968367 0.00132069   -1 -1   -1 -1   -1 -1   -1 -1   -1 -1   -1 -1   -1 -1   -1 -1   -1 -1   -1 -1   -1 -1
reflector4.so_facet.facet 16 0.02618 1223   0.974308 1.16691e-09   0 0
reflector3.so_facet.facet 6 0.02618 1307   0.983996 1.16581e-09   0 0
reflector6.so_facet.facet 14 0.02618 1200   0.99112 0   0 0
reflector2.so_facet.facet 20 0.02618 1320   0.99112 0   0 0
reflector7.so_facet.facet 2 0.02618 1225   0.983996 1.2042e-09   0 0
reflector5.so_facet.facet 4 0.02618 1190   0.994911 1.72785e-09   0 0
reflector1.so_facet.facet 12 0.02618 1313   0.994911 2.19538e-09   0 0
reflector8.so_facet.facet 18 0.02618 1222   0.974308 1.1278e-09   0 0
10 16   0.0236709 0.000653448   0.0236709 0.000653448   0.0236709 0.000653448   0 0   0 0   0.0236709 0.000653448   0.0236709 0.000653448   0.0236709 0.000653448   0 0   0 0   -1 -1   -1 -1   -1 -1   -1 -1   -1 -1   -1 -1   -1 -1   -1 -1   -1 -1   -1 -1
10 6   0.0263587 0.00068829   0.0263587 0.00068829   0.0263587 0.00068829   0 0   0 0   0.0263587 0.00068829   0.0263587 0.00068829   0.0263587 0.00068829   0 0   0 0   -1 -1   -1 -1   -1 -1   -1 -1   -1 -1   -1 -1   -1 -1   -1 -1   -1 -1   -1 -1
10 14   0.0249096 0.000674556   0.0249096 0.000674556   0.0249096 0.000674556   0 0   0 0   0.0249096 0.000674556   0.0249096 0.000674556   0.0249096 0.000674556   0 0   0 0   -1 -1   -1 -1   -1 -1   -1 -1   -1 -1   -1 -1   -1 -1   -1 -1   -1 -1   -1 -1
10 20   0.0273591 0.000702188   0.0273591 0.000702188   0.0273591 0.000702188   0 0   0 0   0.0273591 0.000702188   0.0273591 0.000702188   0.0273591 0.000702188   0 0   0 0   -1 -1   -1 -1   -1 -1   -1 -1   -1 -1   -1 -1   -1 -1   -1 -1   -1 -1   -1 -1
10 2   0.02471 0.000669466   0.02471 0.000669466   0.02471 0.000669466   0 0   0 0   0.02471 0.000669466   0.02471 0.000669466   0.02471 0.000669466   0 0   0 0   -1 -1   -1 -1   -1 -1   -1 -1   -1 -1   -1 -1   -1 -1   -1 -1   -1 -1   -1 -1
10 4   0.0247965 0.000674692   0.0247965 0.000674692   0.0247965 0.000674692   0 0   0 0   0.0247965 0.000674692   0.0247965 0.000674692   0.0247965 0.000674692   0 0   0 0   -1 -1   -1 -1   -1 -1   -1 -1   -1 -1   -1 -1   -1 -1   -1 -1   -1 -1   -1 -1
10 12   0.0273595 0.000703738   0.0273595 0.000703738   0.0273595 0.000703738   0 0   0 0   0.0273595 0.000703738   0.0273595 0.000703738   0.0273595 0.000703738   0 0   0 0   -1 -1   -1 -1   -1 -1   -1 -1   -1 -1   -1 -1   -1 -1   -1 -1   -1 -1   -1 -1
10 18   0.0236505 0.000653203   0.0236505 0.000653203   0.0236505 0.000653203   0 0   0 0   0.0236505 0.000653203   0.0236505 0.000653203   0.0236505 0.000653203   0 0   0 0   -1 -1   -1 -1   -1 -1   -1 -1   -1 -1   -1 -1   -1 -1   -1 -1   -1 -1   -1 -1
#--- Sun direction: 90 12 (-5.98943e-17 -0.978148 -0.207912)
7 1 8 10000 0
0.20944 0
0.202641 0.000276366
0.985308 7.78077e-05
0 0
0.00372219 0.000273388
0 0
0 0
absorber 10 0.04   0.202641 0.000276366   0.202641 0.000276366   0.202641 0.000276366   0 0   0 0   0.202641 0.000276366   0.202641 0.000276366   0.202641 0.000276366   0 0   0 0   0.967536 0.00131955   -1 -1   -1 -1   -1 -1   -1 -1   -1 -1   -1 -1   -1 -1   -1 -1   -1 -1   -1 -1   -1 -1
reflector4.so_facet.facet 16 0.02618 1223   0.973491 1.08633e-09   0 0
reflector3.so_facet.facet 6 0.02618 1307   0.983153 0   0 0
reflector6.so_facet.facet 14 0.02618 1202   0.990257 2.45025e-09   0 0
reflector2.so_facet.facet 20 0.02618 1321   0.990257 2.47694e-09   0 0
reflector7.so_facet.facet 2 0.02618 1225   0.983153 0   0 0
reflector5.so_facet.facet 4 0.02618 1190   0.994038 1.52722e-09   0 0
reflector1.so_facet.facet 12 0.02618 1312   0.994038 1.72097e-09   0 0
reflector8.so_facet.facet 18 0.02618 1220   0.973491 9.04996e-10   0 0
10 16   0.0236306 0.000652655   0.0236306 0.000652655   0.0236306 0.000652655   0 0   0 0   0.0236306 0.000652655   0.0236306 0.000652655   0.0236306 0.000652655   0 0   0 0   -1 -1   -1 -1   -1 -1   -1 -1   -1 -1   -1 -1   -1 -1   -1 -1   -1 -1   -1 -1
10 6   0.0263361 0.0006877   0.0263361 0.0006877   0.0263361 0.0006877   0 0   0 0   0.0263361 0.0006877   0.0263361 0.0006877   0.0263361 0.0006877   0 0   0 0   -1 -1   -1 -1   -1 -1   -1 -1   -1 -1   -1 -1   -1 -1   -1 -1   -1 -1   -1 -1
10 14   0.0249294 0.000674453   0.0249294 0.000674453   0.0249294 0.000674453   0 0   0 0   0.0249294 0.000674453   0.0249294 0.000674453   0.0249294 0.000674453   0 0   0 0   -1 -1   -1 -1   -1 -1   -1 -1   -1 -1   -1 -1   -1 -1   -1 -1   -1 -1   -1 -1
10 20   0.027356 0.000701803   0.027356 0.000701803   0.027356 0.000701803   0 0   0 0   0.027356 0.000701803   0.027356 0.000701803   0.027356 0.000701803   0 0   0 0   -1 -1   -1 -1   -1 -1   -1 -1   -1 -1   -1 -1   -1 -1   -1 -1   -1 -1   -1 -1
10 2   0.0247094 0.000669133   0.0247094 0.000669133   0.0247094 0.000669133   0 0   0 0   0.0247094 0.000669133   0.0247094 0.000669133   0.0247094 0.000669133   0 0   0 0   -1 -1   -1 -1   -1 -1   -1 -1   -1 -1   -1 -1   -1 -1   -1 -1   -1 -1   -1 -1
10 4   0.0247748 0.000674099   0.0247748 0.000674099   0.0247748 0.000674099   0 0   0 0   0.0247748 0.000674099   0.0247748 0.000674099   0.0247748 0.000674099   0 0   0 0   -1 -1   -1 -1   -1 -1   -1 -1   -1 -1   -1 -1   -1 -1   -1 -1   -1 -1   -1 -1
10 12   0.0273147 0.000702893   0.0273147 0.000702893   0.0273147 0.000702893   0 0   0 0   0.0273147 0.000702893   0.0273147 0.000702893   0.0273147 0.000702893   0 0   0 0   -1 -1   -1 -1   -1 -1   -1 -1   -1 -1   -1 -1   -1 -1   -1 -1   -1 -1   -1 -1
10 18   0.0235898 0.000652166   0.0235898 0.000652166   0.0235898 0.000652166   0 0   0 0   0.0235898 0.000652166   0.0235898 0.000652166   0.0235898 0.000652166   0 0   0 0   -1 -1   -1 -1   -1 -1   -1 -1   -1 -1   -1 -1   -1 -1   -1 -1   -1 -1   -1 -1
#--- Sun direction: 90 13 (-5.9663e-17 -0.97437 -0.224951)
7 1 8 10000 0
0.20944 0
0.202451 0.000276105
0.984384 7.75598e-05
0 0
0.00371857 0.000273122
0 0
0 0
absorber 10 0.04   0.202451 0.000276105   0.202451 0.000276105   0.202451 0.000276105   0 0   0 0   0.202451 0.000276105   0.202451 0.000276105   0.202451 0.000276105   0 0   0 0   0.966629 0.0013183   -1 -1   -1 -1   -1 -1   -1 -1   -1 -1   -1 -1   -1 -1   -1 -1   -1 -1   -1 -1   -1 -1
reflector4.so_facet.facet 16 0.02618 1220   0.972602 1.9316e-09   0 0
reflector3.so_facet.facet 6 0.02618 1311   0.982236 0   0 0
reflector6.so_facet.facet 14 0.02618 1206   0.98932 0   0 0
reflector2.so_facet.facet 20 0.02618 1319   0.98932 5.80247e-10   0 0
reflector7.so_facet.facet 2 0.02618 1223   0.982236 0   0 0
reflector5.so_facet.facet 4 0.02618 1190   0.993089 1.14287e-09   0 0
reflector1.so_facet.facet 12 0.02618 1309   0.993089 5.82459e-10   0 0
reflector8.so_facet.facet 18 0.02618 1222   0.972602 1.75756e-09   0 0
10 16   0.0235479 0.000651326   0.0235479 0.000651326   0.0235479 0.000651326   0 0   0 0   0.0235479 0.000651326   0.0235479 0.000651326   0.0235479 0.000651326   0 0   0 0   -1 -1   -1 -1   -1 -1   -1 -1   -1 -1   -1 -1   -1 -1   -1 -1   -1 -1   -1 -1
10 6   0.0263938 0.000687974   0.0263938 0.000687974   0.0263938 0.000687974   0 0   0 0   0.0263938 0.000687974   0.0263938 0.000687974   0.0263938 0.000687974   0 0   0 0   -1 -1   -1 -1   -1 -1   -1 -1   -1 -1   -1 -1   -1 -1   -1 -1   -1 -1   -1 -1
10 14   0.0249887 0.000674782   0.0249887 0.000674782   0.0249887 0.000674782   0 0   0 0   0.0249887 0.000674782   0.0249887 0.000674782   0.0249887 0.000674782   0 0   0 0   -1 -1   -1 -1   -1 -1   -1 -1   -1 -1   -1 -1   -1 -1   -1 -1   -1 -1   -1 -1
10 20   0.0272887 0.000700687   0.0272887 0.000700687   0.0272887 0.000700687   0 0   0 0   0.0272887 0.000700687   0.0272887 0.000700687   0.0272887 0.000700687   0 0   0 0   -1 -1   -1 -1   -1 -1   -1 -1   -1 -1   -1 -1   -1 -1   -1 -1   -1 -1   -1 -1
10 2   0.0246658 0.000668269   0.0246658 0.000668269   0.0246658 0.000668269   0 0   0 0   0.0246658 0.000668269   0.0246658 0.000668269   0.0246658 0.000668269   0 0   0 0   -1 -1   -1 -1   -1 -1   -1 -1   -1 -1   -1 -1   -1 -1   -1 -1   -1 -1   -1 -1
10 4   0.0247511 0.000673456   0.0247511 0.000673456   0.0247511 0.000673456   0 0   0 0   0.0247511 0.000673456   0.0247511 0.000673456   0.0247511 0.000673456   0 0   0 0   -1 -1   -1 -1   -1 -1   -1 -1   -1 -1   -1 -1   -1 -1   -1 -1   -1 -1   -1 -1
10 12   0.0272262 0.00070154   0.0272262 0.00070154   0.0272262 0.00070154   0 0   0 0   0.0272262 0.00070154   0.0272262 0.00070154   0.0272262 0.00070154   0 0   0 0   -1 -1   -1 -1   -1 -1   -1 -1   -1 -1   -1 -1   -1 -1   -1 -1   -1 -1   -1 -1
10 18   0.0235887 0.000651815   0.0235887 0.000651815   0.0235887 0.000651815   0 0   0 0   0.0235887 0.000651815   0.0235887 0.000651815   0.0235887 0.000651815   0 0   0 0   -1 -1   -1 -1   -1 -1   -1 -1   -1 -1   -1 -1   -1 -1   -1 -1   -1 -1   -1 -1
#--- Sun direction: 90 14 (-5.94135e-17 -0.970296 -0.241922)
7 1 8 10000 0
0.20944 0
0.202143 0.000279502
0.983386 7.72717e-05
0 0
0.00381738 0.000276535
0 0
0 0
absorber 10 0.04   0.202143 0.000279502   0.202143 0.000279502   0.202143 0.000279502   0 0   0 0   0.202143 0.000279502   0.202143 0.000279502   0.202143 0.000279502   0 0   0 0   0.965159 0.00133452   -1 -1   -1 -1   -1 -1   -1 -1   -1 -1   -1 -1   -1 -1   -1 -1   -1 -1   -1 -1   -1 -1
reflector4.so_facet.facet 16 0.02618 1218   0.971643 1.4161e-09   0 0
reflector3.so_facet.facet 6 0.02618 1316   0.981246 0   0 0
reflector6.so_facet.facet 14 0.02618 1201   0.988308 0   0 0
reflector2.so_facet.facet 20 0.02618 1322   0.988308 0   0 0
reflector7.so_facet.facet 2 0.02618 1226   0.981246 0   0 0
reflector5.so_facet.facet 4 0.02618 1192   0.992065 0   0 0
reflector1.so_facet.facet 12 0.02618 1304   0.992065 0   0 0
reflector8.so_facet.facet 18 0.02618 1221   0.971643 1.44614e-09   0 0
10 16   0.0234433 0.000649704   0.0234433 0.000649704   0.0234433 0.000649704   0 0   0 0   0.0234433 0.000649704   0.0234433 0.000649704   0.0234433 0.000649704   0 0   0 0   -1 -1   -1 -1   -1 -1   -1 -1   -1 -1   -1 -1   -1 -1   -1 -1   -1 -1   -1 -1
10 6   0.0264494 0.000688194   0.0264494 0.000688194   0.0264494 0.000688194   0 0   0 0   0.0264494 0.000688194   0.0264494 0.000688194   0.0264494 0.000688194   0 0   0 0   -1 -1   -1 -1   -1 -1   -1 -1   -1 -1   -1 -1   -1 -1   -1 -1   -1 -1   -1 -1
10 14   0.0248389 0.000672642   0.0248389 0.000672642   0.0248389 0.000672642   0 0   0 0   0.0248389 0.000672642   0.0248389 0.000672642   0.0248389 0.000672642   0 0   0 0   -1 -1   -1 -1   -1 -1   -1 -1   -1 -1   -1 -1   -1 -1   -1 -1   -1 -1   -1 -1
10 20   0.0273228 0.000700646   0.0273228 0.000700646   0.0273228 0.000700646   0 0   0 0   0.0273228 0.000700646   0.0273228 0.000700646   0.0273228 0.000700646   0 0   0 0   -1 -1   -1 -1   -1 -1   -1 -1   -1 -1   -1 -1   -1 -1   -1 -1   -1 -1   -1 -1
10 2   0.024682 0.000668076   0.024682 0.000668076   0.024682 0.000668076   0 0   0 0   0.024682 0.000668076   0.024682 0.000668076   0.024682 0.000668076   0 0   0 0   -1 -1   -1 -1   -1 -1   -1 -1   -1 -1   -1 -1   -1 -1   -1 -1   -1 -1   -1 -1
10 4   0.0247672 0.00067325   0.0247672 0.00067325   0.0247672 0.00067325   0 0   0 0   0.0247672 0.00067325   0.0247672 0.00067325   0.0247672 0.00067325   0 0   0 0   -1 -1   -1 -1   -1 -1   -1 -1   -1 -1   -1 -1   -1 -1   -1 -1   -1 -1   -1 -1
10 12   0.0270943 0.000699678   0.0270943 0.000699678   0.0270943 0.000699678   0 0   0 0   0.0270943 0.000699678   0.0270943 0.000699678   0.0270943 0.000699678   0 0   0 0   -1 -1   -1 -1   -1 -1   -1 -1   -1 -1   -1 -1   -1 -1   -1 -1   -1 -1   -1 -1
10 18   0.0235451 0.000650928   0.0235451 0.000650928   0.0235451 0.000650928   0 0   0 0   0.0235451 0.000650928   0.0235451 0.000650928   0.0235451 0.000650928   0 0   0 0   -1 -1   -1 -1   -1 -1   -1 -1   -1 -1   -1 -1   -1 -1   -1 -1   -1 -1   -1 -1
#--- Sun direction: 90 15 (-5.91459e-17 -0.965926 -0.258819)
7 1 8 10000 0
0.20944 0
0.201923 0.000279195
0.982314 7.69724e-05
0 0
0.0038133 0.00027624
0 0
0 0
absorber 10 0.04   0.201923 0.000279195   0.201923 0.000279195   0.201923 0.000279195   0 0   0 0   0.201923 0.000279195   0.201923 0.000279195   0.201923 0.000279195   0 0   0 0   0.964107 0.00133305   -1 -1   -1 -1   -1 -1   -1 -1   -1 -1   -1 -1   -1 -1   -1 -1   -1 -1   -1 -1   -1 -1
reflector4.so_facet.facet 16 0.02618 1215   0.970613 1.41784e-09   0 0
reflector3.so_facet.facet 6 0.02618 1318   0.980183 0   0 0
reflector6.so_facet.facet 14 0.02618 1202   0.987221 1.54967e-09   0 0
reflector2.so_facet.facet 20 0.02618 1322   0.987221 1.58727e-09   0 0
reflector7.so_facet.facet 2 0.02618 1229   0.980183 0   0 0
reflector5.so_facet.facet 4 0.02618 1193   0.990965 0   0 0
reflector1.so_facet.facet 12 0.02618 1299   0.990965 0   0 0
reflector8.so_facet.facet 18 0.02618 1222   0.970613 1.47664e-09   0 0
10 16   0.0233575 0.000648279   0.0233575 0.000648279   0.0233575 0.000648279   0 0   0 0   0.0233575 0.000648279   0.0233575 0.000648279   0.0233575 0.000648279   0 0   0 0   -1 -1   -1 -1   -1 -1   -1 -1   -1 -1   -1 -1   -1 -1   -1 -1   -1 -1   -1 -1
10 6   0.0264618 0.000687903   0.0264618 0.000687903   0.0264618 0.000687903   0 0   0 0   0.0264618 0.000687903   0.0264618 0.000687903   0.0264618 0.000687903   0 0   0 0   -1 -1   -1 -1   -1 -1   -1 -1   -1 -1   -1 -1   -1 -1   -1 -1   -1 -1   -1 -1
10 14   0.0248323 0.000672144   0.0248323 0.000672144   0.0248323 0.000672144   0 0   0 0   0.0248323 0.000672144   0.0248323 0.000672144   0.0248323 0.000672144   0 0   0 0   -1 -1   -1 -1   -1 -1   -1 -1   -1 -1   -1 -1   -1 -1   -1 -1   -1 -1   -1 -1
10 20   0.0272928 0.000699875   0.0272928 0.000699875   0.0272928 0.000699875   0 0   0 0   0.0272928 0.000699875   0.0272928 0.000699875   0.0272928 0.000699875   0 0   0 0   -1 -1   -1 -1   -1 -1   -1 -1   -1 -1   -1 -1   -1 -1   -1 -1   -1 -1   -1 -1
10 2   0.0247169 0.000668071   0.0247169 0.000668071   0.0247169 0.000668071   0 0   0 0   0.0247169 0.000668071   0.0247169 0.000668071   0.0247169 0.000668071   0 0   0 0   -1 -1   -1 -1   -1 -1   -1 -1   -1 -1   -1 -1   -1 -1   -1 -1   -1 -1   -1 -1
10 4   0.0247605 0.000672748   0.0247605 0.000672748   0.0247605 0.000672748   0 0   0 0   0.0247605 0.000672748   0.0247605 0.000672748   0.0247605 0.000672748   0 0   0 0   -1 -1   -1 -1   -1 -1   -1 -1   -1 -1   -1 -1   -1 -1   -1 -1   -1 -1   -1 -1
10 12   0.0269605 0.000697762   0.0269605 0.000697762   0.0269605 0.000697762   0 0   0 0   0.0269605 0.000697762   0.0269605 0.000697762   0.0269605 0.000697762   0 0   0 0   -1 -1   -1 -1   -1 -1   -1 -1   -1 -1   -1 -1   -1 -1   -1 -1   -1 -1   -1 -1
10 18   0.0235404 0.000650482   0.0235404 0.000650482   0.0235404 0.000650482   0 0   0 0   0.0235404 0.000650482   0.0235404 0.000650482   0.0235404 0.000650482   0 0   0 0   -1 -1   -1 -1   -1 -1   -1 -1   -1 -1   -1 -1   -1 -1   -1 -1   -1 -1   -1 -1
#--- Sun direction: 90 16 (-5.88603e-17 -0.961262 -0.275637)
7 1 8 10000 0
0.20944 0
0.201688 0.000278868
0.981171 7.669e-05
0 0
0.00380895 0.000275924
0 0
0 0
absorber 10 0.04   0.201688 0.000278868   0.201688 0.000278868   0.201688 0.000278868   0 0   0 0   0.201688 0.000278868   0.201688 0.000278868   0.201688 0.000278868   0 0   0 0   0.962985 0.00133149   -1 -1   -1 -1   -1 -1   -1 -1   -1 -1   -1 -1   -1 -1   -1 -1   -1 -1   -1 -1   -1 -1
reflector4.so_facet.facet 16 0.02618 1215   0.969513 0   0 0
reflector3.so_facet.facet 6 0.02618 1318   0.979048 1.94694e-09   0 0
reflector6.so_facet.facet 14 0.02618 1202   0.986059 0   0 0
reflector2.so_facet.facet 20 0.02618 1322   0.986059 0   0 0
reflector7.so_facet.facet 2 0.02618 1229   0.979048 1.9009e-09   0 0
reflector5.so_facet.facet 4 0.02618 1193   0.98979 9.64684e-10   0 0
reflector1.so_facet.facet 12 0.02618 1299   0.98979 1.54696e-09   0 0
reflector8.so_facet.facet 18 0.02618 1222   0.969513 0   0 0
10 16   0.023331 0.000647544   0.023331 0.000647544   0.023331 0.000647544   0 0   0 0   0.023331 0.000647544   0.023331 0.000647544   0.023331 0.000647544   0 0   0 0   -1 -1   -1 -1   -1 -1   -1 -1   -1 -1   -1 -1   -1 -1   -1 -1   -1 -1   -1 -1
10 6   0.0264312 0.000687106   0.0264312 0.000687106   0.0264312 0.000687106   0 0   0 0   0.0264312 0.000687106   0.0264312 0.000687106   0.0264312 0.000687106   0 0   0 0   -1 -1   -1 -1   -1 -1   -1 -1   -1 -1   -1 -1   -1 -1   -1 -1   -1 -1   -1 -1
10 14   0.0248031 0.000671353   0.0248031 0.000671353   0.0248031 0.000671353   0 0   0 0   0.0248031 0.000671353   0.0248031 0.000671353   0.0248031 0.000671353   0 0   0 0   -1 -1   -1 -1   -1 -1   -1 -1   -1 -1   -1 -1   -1 -1   -1 -1   -1 -1   -1 -1
10 20   0.0272607 0.000699052   0.0272607 0.000699052   0.0272607 0.000699052   0 0   0 0   0.0272607 0.000699052   0.0272607 0.000699052   0.0272607 0.000699052   0 0   0 0   -1 -1   -1 -1   -1 -1   -1 -1   -1 -1   -1 -1   -1 -1   -1 -1   -1 -1   -1 -1
10 2   0.0246882 0.000667297   0.0246882 0.000667297   0.0246882 0.000667297   0 0   0 0   0.0246882 0.000667297   0.0246882 0.000667297   0.0246882 0.000667297   0 0   0 0   -1 -1   -1 -1   -1 -1   -1 -1   -1 -1   -1 -1   -1 -1   -1 -1   -1 -1   -1 -1
10 4   0.0247311 0.00067195   0.0247311 0.00067195   0.0247311 0.00067195   0 0   0 0   0.0247311 0.00067195   0.0247311 0.00067195   0.0247311 0.00067195   0 0   0 0   -1 -1   -1 -1   -1 -1   -1 -1   -1 -1   -1 -1   -1 -1   -1 -1   -1 -1   -1 -1
10 12   0.0269285 0.000696935   0.0269285 0.000696935   0.0269285 0.000696935   0 0   0 0   0.0269285 0.000696935   0.0269285 0.000696935   0.0269285 0.000696935   0 0   0 0   -1 -1   -1 -1   -1 -1   -1 -1   -1 -1   -1 -1   -1 -1   -1 -1   -1 -1   -1 -1
10 18   0.0235138 0.000649745   0.0235138 0.000649745   0.0235138 0.000649745   0 0   0 0   0.0235138 0.000649745   0.0235138 0.000649745   0.0235138 0.000649745   0 0   0 0   -1 -1   -1 -1   -1 -1   -1 -1   -1 -1   -1 -1   -1 -1   -1 -1   -1 -1   -1 -1
#--- Sun direction: 90 17 (-5.85568e-17 -0.956305 -0.292372)
7 1 8 10000 0
0.20944 0
0.20144 0.000278523
0.979968 7.63653e-05
0 0
0.00380471 0.000275618
0 0
0 0
absorber 10 0.04   0.20144 0.000278523   0.20144 0.000278523   0.20144 0.000278523   0 0   0 0   0.20144 0.000278523   0.20144 0.000278523   0.20144 0.000278523   0 0   0 0   0.961802 0.00132984   -1 -1   -1 -1   -1 -1   -1 -1   -1 -1   -1 -1   -1 -1   -1 -1   -1 -1   -1 -1   -1 -1
reflector4.so_facet.facet 16 0.02618 1209   0.968342 0   0 0
reflector3.so_facet.facet 6 0.02618 1319   0.977839 0   0 0
reflector6.so_facet.facet 14 0.02618 1206   0.984823 1.3569e-09   0 0
reflector2.so_facet.facet 20 0.02618 1322   0.984823 1.00388e-09   0 0
reflector7.so_facet.facet 2 0.02618 1225   0.977839 0   0 0
reflector5.so_facet.facet 4 0.02618 1197   0.98854 6.80994e-10   0 0
reflector1.so_facet.facet 12 0.02618 1300   0.98854 0   0 0
reflector8.so_facet.facet 18 0.02618 1222   0.968342 0   0 0
10 16   0.0232014 0.000645536   0.0232014 0.000645536   0.0232014 0.000645536   0 0   0 0   0.0232014 0.000645536   0.0232014 0.000645536   0.0232014 0.000645536   0 0   0 0   -1 -1   -1 -1   -1 -1   -1 -1   -1 -1   -1 -1   -1 -1   -1 -1   -1 -1   -1 -1
10 6   0.0263781 0.000686031   0.0263781 0.000686031   0.0263781 0.000686031   0 0   0 0   0.0263781 0.000686031   0.0263781 0.000686031   0.0263781 0.000686031   0 0   0 0   -1 -1   -1 -1   -1 -1   -1 -1   -1 -1   -1 -1   -1 -1   -1 -1   -1 -1   -1 -1
10 14   0.0248545 0.000671474   0.0248545 0.000671474   0.0248545 0.000671474   0 0   0 0   0.0248545 0.000671474   0.0248545 0.000671474   0.0248545 0.000671474   0 0   0 0   -1 -1   -1 -1   -1 -1   -1 -1   -1 -1   -1 -1   -1 -1   -1 -1   -1 -1   -1 -1
10 20   0.0272265 0.000698176   0.0272265 0.000698176   0.0272265 0.000698176   0 0   0 0   0.0272265 0.000698176   0.0272265 0.000698176   0.0272265 0.000698176   0 0   0 0   -1 -1   -1 -1   -1 -1   -1 -1   -1 -1   -1 -1   -1 -1   -1 -1   -1 -1   -1 -1
10 2   0.0245758 0.000665517   0.0245758 0.000665517   0.0245758 0.000665517   0 0   0 0   0.0245758 0.000665517   0.0245758 0.000665517   0.0245758 0.000665517   0 0   0 0   -1 -1   -1 -1   -1 -1   -1 -1   -1 -1   -1 -1   -1 -1   -1 -1   -1 -1   -1 -1
10 4   0.0247827 0.000672073   0.0247827 0.000672073   0.0247827 0.000672073   0 0   0 0   0.0247827 0.000672073   0.0247827 0.000672073   0.0247827 0.000672073   0 0   0 0   -1 -1   -1 -1   -1 -1   -1 -1   -1 -1   -1 -1   -1 -1   -1 -1   -1 -1   -1 -1
10 12   0.0269152 0.000696282   0.0269152 0.000696282   0.0269152 0.000696282   0 0   0 0   0.0269152 0.000696282   0.0269152 0.000696282   0.0269152 0.000696282   0 0   0 0   -1 -1   -1 -1   -1 -1   -1 -1   -1 -1   -1 -1   -1 -1   -1 -1   -1 -1   -1 -1
10 18   0.0235056 0.000649204   0.0235056 0.000649204   0.0235056 0.000649204   0 0   0 0   0.0235056 0.000649204   0.0235056 0.000649204   0.0235056 0.000649204   0 0   0 0   -1 -1   -1 -1   -1 -1   -1 -1   -1 -1   -1 -1   -1 -1   -1 -1   -1 -1   -1 -1
#--- Sun direction: 90 18 (-5.82354e-17 -0.951057 -0.309017)
7 1 8 10000 0
0.20944 0
0.201175 0.000278153
0.978678 7.60269e-05
0 0
0.0037996 0.000275248
0 0
0 0
absorber 10 0.04   0.201175 0.000278153   0.201175 0.000278153   0.201175 0.000278153   0 0   0 0   0.201175 0.000278153   0.201175 0.000278153   0.201175 0.000278153   0 0   0 0   0.960536 0.00132808   -1 -1   -1 -1   -1 -1   -1 -1   -1 -1   -1 -1   -1 -1   -1 -1   -1 -1   -1 -1   -1 -1
reflector4.so_facet.facet 16 0.02618 1212   0.967101 0   0 0
reflector3.so_facet.facet 6 0.02618 1322   0.976559 2.30017e-09   0 0
reflector6.so_facet.facet 14 0.02618 1206   0.983513 0   0 0
reflector2.so_facet.facet 20 0.02618 1317   0.983513 0   0 0
reflector7.so_facet.facet 2 0.02618 1228   0.976559 2.25009e-09   0 0
reflector5.so_facet.facet 4 0.02618 1199   0.987214 1.29102e-09   0 0
reflector1.so_facet.facet 12 0.02618 1299   0.987214 1.65377e-09   0 0
reflector8.so_facet.facet 18 0.02618 1217   0.967101 0   0 0
10 16   0.0232325 0.000645444   0.0232325 0.000645444   0.0232325 0.000645444   0 0   0 0   0.0232325 0.000645444   0.0232325 0.000645444   0.0232325 0.000645444   0 0   0 0   -1 -1   -1 -1   -1 -1   -1 -1   -1 -1   -1 -1   -1 -1   -1 -1   -1 -1   -1 -1
10 6   0.0264049 0.000685812   0.0264049 0.000685812   0.0264049 0.000685812   0 0   0 0   0.0264049 0.000685812   0.0264049 0.000685812   0.0264049 0.000685812   0 0   0 0   -1 -1   -1 -1   -1 -1   -1 -1   -1 -1   -1 -1   -1 -1   -1 -1   -1 -1   -1 -1
10 14   0.0248214 0.000670581   0.0248214 0.000670581   0.0248214 0.000670581   0 0   0 0   0.0248214 0.000670581   0.0248214 0.000670581   0.0248214 0.000670581   0 0   0 0   -1 -1   -1 -1   -1 -1   -1 -1   -1 -1   -1 -1   -1 -1   -1 -1   -1 -1   -1 -1
10 20   0.0270873 0.000696126   0.0270873 0.000696126   0.0270873 0.000696126   0 0   0 0   0.0270873 0.000696126   0.0270873 0.000696126   0.0270873 0.000696126   0 0   0 0   -1 -1   -1 -1   -1 -1   -1 -1   -1 -1   -1 -1   -1 -1   -1 -1   -1 -1   -1 -1
10 2   0.0246255 0.000665601   0.0246255 0.000665601   0.0246255 0.000665601   0 0   0 0   0.0246255 0.000665601   0.0246255 0.000665601   0.0246255 0.000665601   0 0   0 0   -1 -1   -1 -1   -1 -1   -1 -1   -1 -1   -1 -1   -1 -1   -1 -1   -1 -1   -1 -1
10 4   0.0247908 0.000671656   0.0247908 0.000671656   0.0247908 0.000671656   0 0   0 0   0.0247908 0.000671656   0.0247908 0.000671656   0.0247908 0.000671656   0 0   0 0   -1 -1   -1 -1   -1 -1   -1 -1   -1 -1   -1 -1   -1 -1   -1 -1   -1 -1   -1 -1
10 12   0.0268584 0.000695121   0.0268584 0.000695121   0.0268584 0.000695121   0 0   0 0   0.0268584 0.000695121   0.0268584 0.000695121   0.0268584 0.000695121   0 0   0 0   -1 -1   -1 -1   -1 -1   -1 -1   -1 -1   -1 -1   -1 -1   -1 -1   -1 -1   -1 -1
10 18   0.023354 0.000646911   0.023354 0.000646911   0.023354 0.000646911   0 0   0 0   0.023354 0.000646911   0.023354 0.000646911   0.023354 0.000646911   0 0   0 0   -1 -1   -1 -1   -1 -1   -1 -1   -1 -1   -1 -1   -1 -1   -1 -1   -1 -1   -1 -1
#--- Sun direction: 90 19 (-5.78963e-17 -0.945519 -0.325568)
7 1 8 10000 0
0.20944 0
0.200893 0.000277761
0.977309 7.57062e-05
0 0
0.00379442 0.000274872
0 0
0 0
absorber 10 0.04   0.200893 0.000277761   0.200893 0.000277761   0.200893 0.000277761   0 0   0 0   0.200893 0.000277761   0.200893 0.000277761   0.200893 0.000277761   0 0   0 0   0.959192 0.00132621   -1 -1   -1 -1   -1 -1   -1 -1   -1 -1   -1 -1   -1 -1   -1 -1   -1 -1   -1 -1   -1 -1
reflector4.so_facet.facet 16 0.02618 1213   0.96579 6.05069e-10   0 0
reflector3.so_facet.facet 6 0.02618 1321   0.975205 0   0 0
reflector6.so_facet.facet 14 0.02618 1204   0.982129 1.00714e-09   0 0
reflector2.so_facet.facet 20 0.02618 1316   0.982129 0   0 0
reflector7.so_facet.facet 2 0.02618 1230   0.975205 0   0 0
reflector5.so_facet.facet 4 0.02618 1199   0.985814 0   0 0
reflector1.so_facet.facet 12 0.02618 1298   0.985814 0   0 0
reflector8.so_facet.facet 18 0.02618 1219   0.96579 5.22714e-10   0 0
10 16   0.0232414 0.000645058   0.0232414 0.000645058   0.0232414 0.000645058   0 0   0 0   0.0232414 0.000645058   0.0232414 0.000645058   0.0232414 0.000645058   0 0   0 0   -1 -1   -1 -1   -1 -1   -1 -1   -1 -1   -1 -1   -1 -1   -1 -1   -1 -1   -1 -1
10 6   0.0263479 0.000684636   0.0263479 0.000684636   0.0263479 0.000684636   0 0   0 0   0.0263479 0.000684636   0.0263479 0.000684636   0.0263479 0.000684636   0 0   0 0   -1 -1   -1 -1   -1 -1   -1 -1   -1 -1   -1 -1   -1 -1   -1 -1   -1 -1   -1 -1
10 14   0.0247454 0.000669157   0.0247454 0.000669157   0.0247454 0.000669157   0 0   0 0   0.0247454 0.000669157   0.0247454 0.000669157   0.0247454 0.000669157   0 0   0 0   -1 -1   -1 -1   -1 -1   -1 -1   -1 -1   -1 -1   -1 -1   -1 -1   -1 -1   -1 -1
10 20   0.0270286 0.000694922   0.0270286 0.000694922   0.0270286 0.000694922   0 0   0 0   0.0270286 0.000694922   0.0270286 0.000694922   0.0270286 0.000694922   0 0   0 0   -1 -1   -1 -1   -1 -1   -1 -1   -1 -1   -1 -1   -1 -1   -1 -1   -1 -1   -1 -1
10 2   0.0246322 0.000665154   0.0246322 0.000665154   0.0246322 0.000665154   0 0   0 0   0.0246322 0.000665154   0.0246322 0.000665154   0.0246322 0.000665154   0 0   0 0   -1 -1   -1 -1   -1 -1   -1 -1   -1 -1   -1 -1   -1 -1   -1 -1   -1 -1   -1 -1
10 4   0.0247556 0.000670703   0.0247556 0.000670703   0.0247556 0.000670703   0 0   0 0   0.0247556 0.000670703   0.0247556 0.000670703   0.0247556 0.000670703   0 0   0 0   -1 -1   -1 -1   -1 -1   -1 -1   -1 -1   -1 -1   -1 -1   -1 -1   -1 -1   -1 -1
10 12   0.0267997 0.000693907   0.0267997 0.000693907   0.0267997 0.000693907   0 0   0 0   0.0267997 0.000693907   0.0267997 0.000693907   0.0267997 0.000693907   0 0   0 0   -1 -1   -1 -1   -1 -1   -1 -1   -1 -1   -1 -1   -1 -1   -1 -1   -1 -1   -1 -1
10 18   0.0233425 0.000646277   0.0233425 0.000646277   0.0233425 0.000646277   0 0   0 0   0.0233425 0.000646277   0.0233425 0.000646277   0.0233425 0.000646277   0 0   0 0   -1 -1   -1 -1   -1 -1   -1 -1   -1 -1   -1 -1   -1 -1   -1 -1   -1 -1   -1 -1
#--- Sun direction: 90 20 (-5.75396e-17 -0.939693 -0.34202)
7 1 8 10000 0
0.20944 0
0.200497 0.000280953
0.975875 7.53815e-05
0 0
0.00389033 0.000278056
0 0
0 0
absorber 10 0.04   0.200497 0.000280953   0.200497 0.000280953   0.200497 0.000280953   0 0   0 0   0.200497 0.000280953   0.200497 0.000280953   0.200497 0.000280953   0 0   0 0   0.9573 0.00134145   -1 -1   -1 -1   -1 -1   -1 -1   -1 -1   -1 -1   -1 -1   -1 -1   -1 -1   -1 -1   -1 -1
reflector4.so_facet.facet 16 0.02618 1218   0.964409 7.98786e-10   0 0
reflector3.so_facet.facet 6 0.02618 1325   0.973779 2.04683e-09   0 0
reflector6.so_facet.facet 14 0.02618 1194   0.980671 1.14095e-09   0 0
reflector2.so_facet.facet 20 0.02618 1319   0.980671 9.17451e-10   0 0
reflector7.so_facet.facet 2 0.02618 1225   0.973779 1.67617e-09   0 0
reflector5.so_facet.facet 4 0.02618 1202   0.984338 8.04085e-10   0 0
reflector1.so_facet.facet 12 0.02618 1302   0.984338 0   0 0
reflector8.so_facet.facet 18 0.02618 1215   0.964409 9.06856e-10   0 0
10 16   0.0232688 0.000644866   0.0232688 0.000644866   0.0232688 0.000644866   0 0   0 0   0.0232688 0.000644866   0.0232688 0.000644866   0.0232688 0.000644866   0 0   0 0   -1 -1   -1 -1   -1 -1   -1 -1   -1 -1   -1 -1   -1 -1   -1 -1   -1 -1   -1 -1
10 6   0.0263501 0.000684086   0.0263501 0.000684086   0.0263501 0.000684086   0 0   0 0   0.0263501 0.000684086   0.0263501 0.000684086   0.0263501 0.000684086   0 0   0 0   -1 -1   -1 -1   -1 -1   -1 -1   -1 -1   -1 -1   -1 -1   -1 -1   -1 -1   -1 -1
10 14   0.0245032 0.000665759   0.0245032 0.000665759   0.0245032 0.000665759   0 0   0 0   0.0245032 0.000665759   0.0245032 0.000665759   0.0245032 0.000665759   0 0   0 0   -1 -1   -1 -1   -1 -1   -1 -1   -1 -1   -1 -1   -1 -1   -1 -1   -1 -1   -1 -1
10 20   0.0270501 0.000694561   0.0270501 0.000694561   0.0270501 0.000694561   0 0   0 0   0.0270501 0.000694561   0.0270501 0.000694561   0.0270501 0.000694561   0 0   0 0   -1 -1   -1 -1   -1 -1   -1 -1   -1 -1   -1 -1   -1 -1   -1 -1   -1 -1   -1 -1
10 2   0.0244942 0.000662992   0.0244942 0.000662992   0.0244942 0.000662992   0 0   0 0   0.0244942 0.000662992   0.0244942 0.000662992   0.0244942 0.000662992   0 0   0 0   -1 -1   -1 -1   -1 -1   -1 -1   -1 -1   -1 -1   -1 -1   -1 -1   -1 -1   -1 -1
10 4   0.0247804 0.000670422   0.0247804 0.000670422   0.0247804 0.000670422   0 0   0 0   0.0247804 0.000670422   0.0247804 0.000670422   0.0247804 0.000670422   0 0   0 0   -1 -1   -1 -1   -1 -1   -1 -1   -1 -1   -1 -1   -1 -1   -1 -1   -1 -1   -1 -1
10 12   0.026842 0.000693776   0.026842 0.000693776   0.026842 0.000693776   0 0   0 0   0.026842 0.000693776   0.026842 0.000693776   0.026842 0.000693776   0 0   0 0   -1 -1   -1 -1   -1 -1   -1 -1   -1 -1   -1 -1   -1 -1   -1 -1   -1 -1   -1 -1
10 18   0.0232082 0.000644135   0.0232082 0.000644135   0.0232082 0.000644135   0 0   0 0   0.0232082 0.000644135   0.0232082 0.000644135   0.0232082 0.000644135   0 0   0 0   -1 -1   -1 -1   -1 -1   -1 -1   -1 -1   -1 -1   -1 -1   -1 -1   -1 -1   -1 -1
#--- Sun direction: 90 21 (-5.71653e-17 -0.93358 -0.358368)
7 1 8 10000 0
0.20944 0
0.200089 0.000284067
0.974385 7.50025e-05
0 0
0.00398601 0.000281183
0 0
0 0
absorber 10 0.04   0.200089 0.000284067   0.200089 0.000284067   0.200089 0.000284067   0 0   0 0   0.200089 0.000284067   0.200089 0.000284067   0.200089 0.000284067   0 0   0 0   0.955354 0.00135632   -1 -1   -1 -1   -1 -1   -1 -1   -1 -1   -1 -1   -1 -1   -1 -1   -1 -1   -1 -1   -1 -1
reflector4.so_facet.facet 16 0.02618 1226   0.962957 1.27672e-09   0 0
reflector3.so_facet.facet 6 0.02618 1309   0.972281 0   0 0
reflector6.so_facet.facet 14 0.02618 1197   0.979138 0   0 0
reflector2.so_facet.facet 20 0.02618 1329   0.979138 0   0 0
reflector7.so_facet.facet 2 0.02618 1228   0.972281 4.25227e-10   0 0
reflector5.so_facet.facet 4 0.02618 1209   0.982788 1.38868e-09   0 0
reflector1.so_facet.facet 12 0.02618 1300   0.982788 1.5185e-09   0 0
reflector8.so_facet.facet 18 0.02618 1202   0.962957 1.21566e-09   0 0
10 16   0.0234152 0.000646077   0.0234152 0.000646077   0.0234152 0.000646077   0 0   0 0   0.0234152 0.000646077   0.0234152 0.000646077   0.0234152 0.000646077   0 0   0 0   -1 -1   -1 -1   -1 -1   -1 -1   -1 -1   -1 -1   -1 -1   -1 -1   -1 -1   -1 -1
10 6   0.025943 0.000678959   0.025943 0.000678959   0.025943 0.000678959   0 0   0 0   0.025943 0.000678959   0.025943 0.000678959   0.025943 0.000678959   0 0   0 0   -1 -1   -1 -1   -1 -1   -1 -1   -1 -1   -1 -1   -1 -1   -1 -1   -1 -1   -1 -1
10 14   0.024506 0.0006652   0.024506 0.0006652   0.024506 0.0006652   0 0   0 0   0.024506 0.0006652   0.024506 0.0006652   0.024506 0.0006652   0 0   0 0   -1 -1   -1 -1   -1 -1   -1 -1   -1 -1   -1 -1   -1 -1   -1 -1   -1 -1   -1 -1
10 20   0.0272129 0.000695703   0.0272129 0.000695703   0.0272129 0.000695703   0 0   0 0   0.0272129 0.000695703   0.0272129 0.000695703   0.0272129 0.000695703   0 0   0 0   -1 -1   -1 -1   -1 -1   -1 -1   -1 -1   -1 -1   -1 -1   -1 -1   -1 -1   -1 -1
10 2   0.0245176 0.000662685   0.0245176 0.000662685   0.0245176 0.000662685   0 0   0 0   0.0245176 0.000662685   0.0245176 0.000662685   0.0245176 0.000662685   0 0   0 0   -1 -1   -1 -1   -1 -1   -1 -1   -1 -1   -1 -1   -1 -1   -1 -1   -1 -1   -1 -1
10 4   0.0248855 0.000671045   0.0248855 0.000671045   0.0248855 0.000671045   0 0   0 0   0.0248855 0.000671045   0.0248855 0.000671045   0.0248855 0.000671045   0 0   0 0   -1 -1   -1 -1   -1 -1   -1 -1   -1 -1   -1 -1   -1 -1   -1 -1   -1 -1   -1 -1
10 12   0.0267586 0.00069223   0.0267586 0.00069223   0.0267586 0.00069223   0 0   0 0   0.0267586 0.00069223   0.0267586 0.00069223   0.0267586 0.00069223   0 0   0 0   -1 -1   -1 -1   -1 -1   -1 -1   -1 -1   -1 -1   -1 -1   -1 -1   -1 -1   -1 -1
10 18   0.0228505 0.000639249   0.0228505 0.000639249   0.0228505 0.000639249   0 0   0 0   0.0228505 0.000639249   0.0228505 0.000639249   0.0228505 0.000639249   0 0   0 0   -1 -1   -1 -1   -1 -1   -1 -1   -1 -1   -1 -1   -1 -1   -1 -1   -1 -1   -1 -1
#--- Sun direction: 90 22 (-5.67736e-17 -0.927184 -0.374607)
7 1 8 10000 0
0.20944 0
0.199764 0.000283603
0.972804 7.46089e-05
0 0
0.00397966 0.000280736
0 0
0 0
absorber 10 0.04   0.199764 0.000283603   0.199764 0.000283603   0.199764 0.000283603   0 0   0 0   0.199764 0.000283603   0.199764 0.000283603   0.199764 0.000283603   0 0   0 0   0.953803 0.0013541   -1 -1   -1 -1   -1 -1   -1 -1   -1 -1   -1 -1   -1 -1   -1 -1   -1 -1   -1 -1   -1 -1
reflector4.so_facet.facet 16 0.02618 1226   0.961436 2.12787e-09   0 0
reflector3.so_facet.facet 6 0.02618 1309   0.97071 0   0 0
reflector6.so_facet.facet 14 0.02618 1197   0.977532 2.04298e-09   0 0
reflector2.so_facet.facet 20 0.02618 1329   0.977532 1.80499e-09   0 0
reflector7.so_facet.facet 2 0.02618 1228   0.97071 0   0 0
reflector5.so_facet.facet 4 0.02618 1209   0.981162 1.21214e-09   0 0
reflector1.so_facet.facet 12 0.02618 1300   0.981162 1.40151e-09   0 0
reflector8.so_facet.facet 18 0.02618 1202   0.961436 2.2539e-09   0 0
10 16   0.0233783 0.000645056   0.0233783 0.000645056   0.0233783 0.000645056   0 0   0 0   0.0233783 0.000645056   0.0233783 0.000645056   0.0233783 0.000645056   0 0   0 0   -1 -1   -1 -1   -1 -1   -1 -1   -1 -1   -1 -1   -1 -1   -1 -1   -1 -1   -1 -1
10 6   0.0259011 0.000677863   0.0259011 0.000677863   0.0259011 0.000677863   0 0   0 0   0.0259011 0.000677863   0.0259011 0.000677863   0.0259011 0.000677863   0 0   0 0   -1 -1   -1 -1   -1 -1   -1 -1   -1 -1   -1 -1   -1 -1   -1 -1   -1 -1   -1 -1
10 14   0.0244658 0.000664109   0.0244658 0.000664109   0.0244658 0.000664109   0 0   0 0   0.0244658 0.000664109   0.0244658 0.000664109   0.0244658 0.000664109   0 0   0 0   -1 -1   -1 -1   -1 -1   -1 -1   -1 -1   -1 -1   -1 -1   -1 -1   -1 -1   -1 -1
10 20   0.0271682 0.000694562   0.0271682 0.000694562   0.0271682 0.000694562   0 0   0 0   0.0271682 0.000694562   0.0271682 0.000694562   0.0271682 0.000694562   0 0   0 0   -1 -1   -1 -1   -1 -1   -1 -1   -1 -1   -1 -1   -1 -1   -1 -1   -1 -1   -1 -1
10 2   0.024478 0.000661615   0.024478 0.000661615   0.024478 0.000661615   0 0   0 0   0.024478 0.000661615   0.024478 0.000661615   0.024478 0.000661615   0 0   0 0   -1 -1   -1 -1   -1 -1   -1 -1   -1 -1   -1 -1   -1 -1   -1 -1   -1 -1   -1 -1
10 4   0.0248443 0.000669935   0.0248443 0.000669935   0.0248443 0.000669935   0 0   0 0   0.0248443 0.000669935   0.0248443 0.000669935   0.0248443 0.000669935   0 0   0 0   -1 -1   -1 -1   -1 -1   -1 -1   -1 -1   -1 -1   -1 -1   -1 -1   -1 -1   -1 -1
10 12   0.0267143 0.000691086   0.0267143 0.000691086   0.0267143 0.000691086   0 0   0 0   0.0267143 0.000691086   0.0267143 0.000691086   0.0267143 0.000691086   0 0   0 0   -1 -1   -1 -1   -1 -1   -1 -1   -1 -1   -1 -1   -1 -1   -1 -1   -1 -1   -1 -1
10 18   0.0228144 0.000638239   0.0228144 0.000638239   0.0228144 0.000638239   0 0   0 0   0.0228144 0.000638239   0.0228144 0.000638239   0.0228144 0.000638239   0 0   0 0   -1 -1   -1 -1   -1 -1   -1 -1   -1 -1   -1 -1   -1 -1   -1 -1   -1 -1   -1 -1
#--- Sun direction: 90 23 (-5.63647e-17 -0.920505 -0.390731)
7 1 8 10000 0
0.20944 0
0.199425 0.000283117
0.97115 7.41976e-05
0 0
0.00397303 0.000280268
0 0
0 0
absorber 10 0.04   0.199425 0.000283117   0.199425 0.000283117   0.199425 0.000283117   0 0   0 0   0.199425 0.000283117   0.199425 0.000283117   0.199425 0.000283117   0 0   0 0   0.95218 0.00135178   -1 -1   -1 -1   -1 -1   -1 -1   -1 -1   -1 -1   -1 -1   -1 -1   -1 -1   -1 -1   -1 -1
reflector4.so_facet.facet 16 0.02618 1226   0.959845 1.34578e-09   0 0
reflector3.so_facet.facet 6 0.02618 1309   0.969068 9.65899e-10   0 0
reflector6.so_facet.facet 14 0.02618 1197   0.975852 0   0 0
reflector2.so_facet.facet 20 0.02618 1329   0.975852 6.4629e-10   0 0
reflector7.so_facet.facet 2 0.02618 1228   0.969068 0   0 0
reflector5.so_facet.facet 4 0.02618 1209   0.979462 0   0 0
reflector1.so_facet.facet 12 0.02618 1300   0.979462 0   0 0
reflector8.so_facet.facet 18 0.02618 1202   0.959845 1.42549e-09   0 0
10 16   0.0233396 0.000643989   0.0233396 0.000643989   0.0233396 0.000643989   0 0   0 0   0.0233396 0.000643989   0.0233396 0.000643989   0.0233396 0.000643989   0 0   0 0   -1 -1   -1 -1   -1 -1   -1 -1   -1 -1   -1 -1   -1 -1   -1 -1   -1 -1   -1 -1
10 6   0.0258573 0.000676716   0.0258573 0.000676716   0.0258573 0.000676716   0 0   0 0   0.0258573 0.000676716   0.0258573 0.000676716   0.0258573 0.000676716   0 0   0 0   -1 -1   -1 -1   -1 -1   -1 -1   -1 -1   -1 -1   -1 -1   -1 -1   -1 -1   -1 -1
10 14   0.0244237 0.000662968   0.0244237 0.000662968   0.0244237 0.000662968   0 0   0 0   0.0244237 0.000662968   0.0244237 0.000662968   0.0244237 0.000662968   0 0   0 0   -1 -1   -1 -1   -1 -1   -1 -1   -1 -1   -1 -1   -1 -1   -1 -1   -1 -1   -1 -1
10 20   0.0271216 0.000693368   0.0271216 0.000693368   0.0271216 0.000693368   0 0   0 0   0.0271216 0.000693368   0.0271216 0.000693368   0.0271216 0.000693368   0 0   0 0   -1 -1   -1 -1   -1 -1   -1 -1   -1 -1   -1 -1   -1 -1   -1 -1   -1 -1   -1 -1
10 2   0.0244366 0.000660495   0.0244366 0.000660495   0.0244366 0.000660495   0 0   0 0   0.0244366 0.000660495   0.0244366 0.000660495   0.0244366 0.000660495   0 0   0 0   -1 -1   -1 -1   -1 -1   -1 -1   -1 -1   -1 -1   -1 -1   -1 -1   -1 -1   -1 -1
10 4   0.0248013 0.000668774   0.0248013 0.000668774   0.0248013 0.000668774   0 0   0 0   0.0248013 0.000668774   0.0248013 0.000668774   0.0248013 0.000668774   0 0   0 0   -1 -1   -1 -1   -1 -1   -1 -1   -1 -1   -1 -1   -1 -1   -1 -1   -1 -1   -1 -1
10 12   0.026668 0.000689888   0.026668 0.000689888   0.026668 0.000689888   0 0   0 0   0.026668 0.000689888   0.026668 0.000689888   0.026668 0.000689888   0 0   0 0   -1 -1   -1 -1   -1 -1   -1 -1   -1 -1   -1 -1   -1 -1   -1 -1   -1 -1   -1 -1
10 18   0.0227767 0.000637183   0.0227767 0.000637183   0.0227767 0.000637183   0 0   0 0   0.0227767 0.000637183   0.0227767 0.000637183   0.0227767 0.000637183   0 0   0 0   -1 -1   -1 -1   -1 -1   -1 -1   -1 -1   -1 -1   -1 -1   -1 -1   -1 -1   -1 -1
#--- Sun direction: 90 24 (-5.59385e-17 -0.913545 -0.406737)
7 1 8 10000 0
0.20944 0
0.199066 0.000282606
0.969407 7.3875e-05
0 0
0.00396643 0.000279803
0 0
0 0
absorber 10 0.04   0.199066 0.000282606   0.199066 0.000282606   0.199066 0.000282606   0 0   0 0   0.199066 0.000282606   0.199066 0.000282606   0.199066 0.000282606   0 0   0 0   0.950468 0.00134934   -1 -1   -1 -1   -1 -1   -1 -1   -1 -1   -1 -1   -1 -1   -1 -1   -1 -1   -1 -1   -1 -1
reflector4.so_facet.facet 16 0.02618 1240   0.958184 0   0 0
reflector3.so_facet.facet 6 0.02618 1301   0.967354 1.70336e-09   0 0
reflector6.so_facet.facet 14 0.02618 1193   0.974098 0   0 0
reflector2.so_facet.facet 20 0.02618 1334   0.974098 0   0 0
reflector7.so_facet.facet 2 0.02618 1224   0.967354 1.44437e-09   0 0
reflector5.so_facet.facet 4 0.02618 1208   0.977688 1.00547e-09   0 0
reflector1.so_facet.facet 12 0.02618 1297   0.977688 0   0 0
reflector8.so_facet.facet 18 0.02618 1203   0.958184 0   0 0
10 16   0.0235601 0.000645988   0.0235601 0.000645988   0.0235601 0.000645988   0 0   0 0   0.0235601 0.000645988   0.0235601 0.000645988   0.0235601 0.000645988   0 0   0 0   -1 -1   -1 -1   -1 -1   -1 -1   -1 -1   -1 -1   -1 -1   -1 -1   -1 -1   -1 -1
10 6   0.0256697 0.00067393   0.0256697 0.00067393   0.0256697 0.00067393   0 0   0 0   0.0256697 0.00067393   0.0256697 0.00067393   0.0256697 0.00067393   0 0   0 0   -1 -1   -1 -1   -1 -1   -1 -1   -1 -1   -1 -1   -1 -1   -1 -1   -1 -1   -1 -1
10 14   0.0242982 0.000660818   0.0242982 0.000660818   0.0242982 0.000660818   0 0   0 0   0.0242982 0.000660818   0.0242982 0.000660818   0.0242982 0.000660818   0 0   0 0   -1 -1   -1 -1   -1 -1   -1 -1   -1 -1   -1 -1   -1 -1   -1 -1   -1 -1   -1 -1
10 20   0.0271544 0.000693004   0.0271544 0.000693004   0.0271544 0.000693004   0 0   0 0   0.0271544 0.000693004   0.0271544 0.000693004   0.0271544 0.000693004   0 0   0 0   -1 -1   -1 -1   -1 -1   -1 -1   -1 -1   -1 -1   -1 -1   -1 -1   -1 -1   -1 -1
10 2   0.024292 0.000658143   0.024292 0.000658143   0.024292 0.000658143   0 0   0 0   0.024292 0.000658143   0.024292 0.000658143   0.024292 0.000658143   0 0   0 0   -1 -1   -1 -1   -1 -1   -1 -1   -1 -1   -1 -1   -1 -1   -1 -1   -1 -1   -1 -1
10 4   0.0247358 0.000667325   0.0247358 0.000667325   0.0247358 0.000667325   0 0   0 0   0.0247358 0.000667325   0.0247358 0.000667325   0.0247358 0.000667325   0 0   0 0   -1 -1   -1 -1   -1 -1   -1 -1   -1 -1   -1 -1   -1 -1   -1 -1   -1 -1   -1 -1
10 12   0.0265583 0.000687962   0.0265583 0.000687962   0.0265583 0.000687962   0 0   0 0   0.0265583 0.000687962   0.0265583 0.000687962   0.0265583 0.000687962   0 0   0 0   -1 -1   -1 -1   -1 -1   -1 -1   -1 -1   -1 -1   -1 -1   -1 -1   -1 -1   -1 -1
10 18   0.0227975 0.000636814   0.0227975 0.000636814   0.0227975 0.000636814   0 0   0 0   0.0227975 0.000636814   0.0227975 0.000636814   0.0227975 0.000636814   0 0   0 0   -1 -1   -1 -1   -1 -1   -1 -1   -1 -1   -1 -1   -1 -1   -1 -1   -1 -1   -1 -1
#--- Sun direction: 90 25 (-5.54953e-17 -0.906308 -0.422618)
7 1 8 10000 0
0.20944 0
0.198694 0.000282074
0.967595 7.3394e-05
0 0
0.00395903 0.00027928
0 0
0 0
absorber 10 0.04   0.198694 0.000282074   0.198694 0.000282074   0.198694 0.000282074   0 0   0 0   0.198694 0.000282074   0.198694 0.000282074   0.198694 0.000282074   0 0   0 0   0.948692 0.0013468   -1 -1   -1 -1   -1 -1   -1 -1   -1 -1   -1 -1   -1 -1   -1 -1   -1 -1   -1 -1   -1 -1
reflector4.so_facet.facet 16 0.02618 1235   0.956454 0   0 0
reflector3.so_facet.facet 6 0.02618 1309   0.965568 0   0 0
reflector6.so_facet.facet 14 0.02618 1194   0.972271 2.38159e-09   0 0
reflector2.so_facet.facet 20 0.02618 1333   0.972271 2.53242e-09   0 0
reflector7.so_facet.facet 2 0.02618 1225   0.965568 6.02098e-10   0 0
reflector5.so_facet.facet 4 0.02618 1202   0.975839 0   0 0
reflector1.so_facet.facet 12 0.02618 1292   0.975839 0   0 0
reflector8.so_facet.facet 18 0.02618 1210   0.956454 0   0 0
10 16   0.0233973 0.00064339   0.0233973 0.00064339   0.0233973 0.00064339   0 0   0 0   0.0233973 0.00064339   0.0233973 0.00064339   0.0233973 0.00064339   0 0   0 0   -1 -1   -1 -1   -1 -1   -1 -1   -1 -1   -1 -1   -1 -1   -1 -1   -1 -1   -1 -1
10 6   0.0258044 0.000674723   0.0258044 0.000674723   0.0258044 0.000674723   0 0   0 0   0.0258044 0.000674723   0.0258044 0.000674723   0.0258044 0.000674723   0 0   0 0   -1 -1   -1 -1   -1 -1   -1 -1   -1 -1   -1 -1   -1 -1   -1 -1   -1 -1   -1 -1
10 14   0.024273 0.000659818   0.024273 0.000659818   0.024273 0.000659818   0 0   0 0   0.024273 0.000659818   0.024273 0.000659818   0.024273 0.000659818   0 0   0 0   -1 -1   -1 -1   -1 -1   -1 -1   -1 -1   -1 -1   -1 -1   -1 -1   -1 -1   -1 -1
10 20   0.0270831 0.000691485   0.0270831 0.000691485   0.0270831 0.000691485   0 0   0 0   0.0270831 0.000691485   0.0270831 0.000691485   0.0270831 0.000691485   0 0   0 0   -1 -1   -1 -1   -1 -1   -1 -1   -1 -1   -1 -1   -1 -1   -1 -1   -1 -1   -1 -1
10 2   0.0242674 0.000657165   0.0242674 0.000657165   0.0242674 0.000657165   0 0   0 0   0.0242674 0.000657165   0.0242674 0.000657165   0.0242674 0.000657165   0 0   0 0   -1 -1   -1 -1   -1 -1   -1 -1   -1 -1   -1 -1   -1 -1   -1 -1   -1 -1   -1 -1
10 4   0.0245664 0.000664633   0.0245664 0.000664633   0.0245664 0.000664633   0 0   0 0   0.0245664 0.000664633   0.0245664 0.000664633   0.0245664 0.000664633   0 0   0 0   -1 -1   -1 -1   -1 -1   -1 -1   -1 -1   -1 -1   -1 -1   -1 -1   -1 -1   -1 -1
10 12   0.0264059 0.000685533   0.0264059 0.000685533   0.0264059 0.000685533   0 0   0 0   0.0264059 0.000685533   0.0264059 0.000685533   0.0264059 0.000685533   0 0   0 0   -1 -1   -1 -1   -1 -1   -1 -1   -1 -1   -1 -1   -1 -1   -1 -1   -1 -1   -1 -1
10 18   0.0228965 0.000637368   0.0228965 0.000637368   0.0228965 0.000637368   0 0   0 0   0.0228965 0.000637368   0.0228965 0.000637368   0.0228965 0.000637368   0 0   0 0   -1 -1   -1 -1   -1 -1   -1 -1   -1 -1   -1 -1   -1 -1   -1 -1   -1 -1   -1 -1
