#--- Sun direction: 135 0 (0.707107 -0.707107 -0)
7 1 2 10000 0
2.31913e+06 0
900460 8762.24
0.651388 0.00273537
551942 8622.71
58251.3 2331.38
0 0
0 0
target 2 420000   504005 8254.11   504005 8254.11   504005 8254.11   0 0   0 0   504005 8254.11   504005 8254.11   504005 8254.11   0 0   0 0   0.217325 0.00355914   396455 6972.06   396455 6972.06   396455 6972.06   0 0   0 0   396455 6972.06   396455 6972.06   396455 6972.06   0 0   0 0   0.17095 0.00300633
reflector 6 1.33513e+06 5733   0.609917 0.00469702   551942 8622.71
aux 10 984000 4267   0.707107 0   0 0
2 6   176030 6053.94   176030 6053.94   176030 6053.94   0 0   0 0   176030 6053.94   176030 6053.94   176030 6053.94   0 0   0 0   45850.2 2573.4   45850.2 2573.4   45850.2 2573.4   0 0   0 0   45850.2 2573.4   45850.2 2573.4   45850.2 2573.4   0 0   0 0
2 10   327974 6559.49   327974 6559.49   327974 6559.49   0 0   0 0   327974 6559.49   327974 6559.49   327974 6559.49   0 0   0 0   350605 6723.27   350605 6723.27   350605 6723.27   0 0   0 0   350605 6723.27   350605 6723.27   350605 6723.27   0 0   0 0
#--- Sun direction: 136 0 (0.71934 -0.694658 -0)
7 1 2 10000 0
2.31913e+06 0
925626 8845.08
0.656174 0.00277119
542045 8608.87
54080.2 2274.98
0 0
0 0
target 2 420000   515116 8359.92   515116 8359.92   515116 8359.92   0 0   0 0   515116 8359.92   515116 8359.92   515116 8359.92   0 0   0 0   0.222116 0.00360477   410510 7116.13   410510 7116.13   410510 7116.13   0 0   0 0   410510 7116.13   410510 7116.13   410510 7116.13   0 0   0 0   0.177011 0.00306845
reflector 6 1.33513e+06 5740   0.609294 0.00473387   542045 8608.87
aux 10 984000 4260   0.71934 0   0 0
2 6   179966 6105.15   179966 6105.15   179966 6105.15   0 0   0 0   179966 6105.15   179966 6105.15   179966 6105.15   0 0   0 0   56008.9 2835.15   56008.9 2835.15   56008.9 2835.15   0 0   0 0   56008.9 2835.15   56008.9 2835.15   56008.9 2835.15   0 0   0 0
2 10   335150 6684.2   335150 6684.2   335150 6684.2   0 0   0 0   335150 6684.2   335150 6684.2   335150 6684.2   0 0   0 0   354501 6824.39   354501 6824.39   354501 6824.39   0 0   0 0   354501 6824.39   354501 6824.39   354501 6824.39   0 0   0 0
#--- Sun direction: 137 0 (0.731354 -0.681998 -0)
7 1 2 10000 0
2.31913e+06 0
949538 8933.28
0.661803 0.00280198
534914 8602.27
50355.1 2226.55
0 0
0 0
target 2 420000   526591 8471.41   526591 8471.41   526591 8471.41   0 0   0 0   526591 8471.41   526591 8471.41   526591 8471.41   0 0   0 0   0.227064 0.00365284   422947 7251.4   422947 7251.4   422947 7251.4   0 0   0 0   422947 7251.4   422947 7251.4   422947 7251.4   0 0   0 0   0.182373 0.00312678
reflector 6 1.33513e+06 5745   0.610291 0.00476467   534914 8602.27
aux 10 984000 4255   0.731354 0   0 0
2 6   185504 6180.74   185504 6180.74   185504 6180.74   0 0   0 0   185504 6180.74   185504 6180.74   185504 6180.74   0 0   0 0   63203.4 3009.23   63203.4 3009.23   63203.4 3009.23   0 0   0 0   63203.4 3009.23   63203.4 3009.23   63203.4 3009.23   0 0   0 0
2 10   341086 6798.37   341086 6798.37   341086 6798.37   0 0   0 0   341086 6798.37   341086 6798.37   341086 6798.37   0 0   0 0   359744 6933.59   359744 6933.59   359744 6933.59   0 0   0 0   359744 6933.59   359744 6933.59   359744 6933.59   0 0   0 0
#--- Sun direction: 138 0 (0.743145 -0.669131 -0)
7 1 2 10000 0
2.31913e+06 0
971387 9013.86
0.667661 0.00282615
528189 8597.38
48815.7 2246.96
0 0
0 0
target 2 420000   536994 8577.38   536994 8577.38   536994 8577.38   0 0   0 0   536994 8577.38   536994 8577.38   536994 8577.38   0 0   0 0   0.23155 0.00369854   434393 7370.99   434393 7370.99   434393 7370.99   0 0   0 0   434393 7370.99   434393 7370.99   434393 7370.99   0 0   0 0   0.187309 0.00317834
reflector 6 1.33513e+06 5760   0.612097 0.00477595   528189 8597.38
aux 10 984000 4240   0.743145 8.09081e-10   0 0
2 6   191442 6260.09   191442 6260.09   191442 6260.09   0 0   0 0   191442 6260.09   191442 6260.09   191442 6260.09   0 0   0 0   71607.1 3188.13   71607.1 3188.13   71607.1 3188.13   0 0   0 0   71607.1 3188.13   71607.1 3188.13   71607.1 3188.13   0 0   0 0
2 10   345551 6900.25   345551 6900.25   345551 6900.25   0 0   0 0   345551 6900.25   345551 6900.25   345551 6900.25   0 0   0 0   362786 7025.88   362786 7025.88   362786 7025.88   0 0   0 0   362786 7025.88   362786 7025.88   362786 7025.88   0 0   0 0
#--- Sun direction: 139 0 (0.75471 -0.656059 -0)
7 1 2 10000 0
2.31913e+06 0
992271 9085.71
0.672012 0.00285612
519703 8575.76
46509.3 2231.79
0 0
0 0
target 2 420000   541886 8651.47   541886 8651.47   541886 8651.47   0 0   0 0   541886 8651.47   541886 8651.47   541886 8651.47   0 0   0 0   0.233659 0.00373048   450384 7517.56   450384 7517.56   450384 7517.56   0 0   0 0   450384 7517.56   450384 7517.56   450384 7517.56   0 0   0 0   0.194204 0.00324154
reflector 6 1.33513e+06 5771   0.611411 0.00479465   519703 8575.76
aux 10 984000 4229   0.75471 1.68383e-09   0 0
2 6   194983 6300.22   194983 6300.22   194983 6300.22   0 0   0 0   194983 6300.22   194983 6300.22   194983 6300.22   0 0   0 0   79852.2 3362.67   79852.2 3362.67   79852.2 3362.67   0 0   0 0   79852.2 3362.67   79852.2 3362.67   79852.2 3362.67   0 0   0 0
2 10   346903 6977.34   346903 6977.34   346903 6977.34   0 0   0 0   346903 6977.34   346903 6977.34   346903 6977.34   0 0   0 0   370532 7150.08   370532 7150.08   370532 7150.08   0 0   0 0   370532 7150.08   370532 7150.08   370532 7150.08   0 0   0 0
#--- Sun direction: 140 0 (0.766044 -0.642788 -0)
7 1 2 10000 0
2.31913e+06 0
1.00776e+06 9156.31
0.67705 0.00288166
517284 8588.77
45126.7 2253.87
0 0
0 0
target 2 420000   545368 8707.58   545368 8707.58   545368 8707.58   0 0   0 0   545368 8707.58   545368 8707.58   545368 8707.58   0 0   0 0   0.235161 0.00375468   462389 7645.29   462389 7645.29   462389 7645.29   0 0   0 0   462389 7645.29   462389 7645.29   462389 7645.29   0 0   0 0   0.19938 0.00329662
reflector 6 1.33513e+06 5773   0.611888 0.00481418   517284 8588.77
aux 10 984000 4227   0.766044 5.37508e-10   0 0
2 6   195031 6286.62   195031 6286.62   195031 6286.62   0 0   0 0   195031 6286.62   195031 6286.62   195031 6286.62   0 0   0 0   85758.7 3490.69   85758.7 3490.69   85758.7 3490.69   0 0   0 0   85758.7 3490.69   85758.7 3490.69   85758.7 3490.69   0 0   0 0
2 10   350337 7068.64   350337 7068.64   350337 7068.64   0 0   0 0   350337 7068.64   350337 7068.64   350337 7068.64   0 0   0 0   376630 7261.22   376630 7261.22   376630 7261.22   0 0   0 0   376630 7261.22   376630 7261.22   376630 7261.22   0 0   0 0
#--- Sun direction: 141 0 (0.777146 -0.62932 -0)
7 1 2 10000 0
2.31913e+06 0
1.03106e+06 9223.02
0.681868 0.00289971
506797 8541.78
43478.3 2253.39
0 0
0 0
target 2 420000   556611 8805.44   556611 8805.44   556611 8805.44   0 0   0 0   556611 8805.44   556611 8805.44   556611 8805.44   0 0   0 0   0.240009 0.00379687   474453 7768.23   474453 7768.23   474453 7768.23   0 0   0 0   474453 7768.23   474453 7768.23   474453 7768.23   0 0   0 0   0.204582 0.00334963
reflector 6 1.33513e+06 5766   0.611904 0.00482553   506797 8541.78
aux 10 984000 4234   0.777146 0   0 0
2 6   199755 6341.21   199755 6341.21   199755 6341.21   0 0   0 0   199755 6341.21   199755 6341.21   199755 6341.21   0 0   0 0   92544.8 3628.8   92544.8 3628.8   92544.8 3628.8   0 0   0 0   92544.8 3628.8   92544.8 3628.8   92544.8 3628.8   0 0   0 0
2 10   356856 7182.03   356856 7182.03   356856 7182.03   0 0   0 0   356856 7182.03   356856 7182.03   356856 7182.03   0 0   0 0   381908 7365.18   381908 7365.18   381908 7365.18   0 0   0 0   381908 7365.18   381908 7365.18   381908 7365.18   0 0   0 0
#--- Sun direction: 142 0 (0.788011 -0.615661 -0)
7 1 2 10000 0
2.31913e+06 0
1.04896e+06 9276.22
0.687286 0.00291515
503053 8548
41895.9 2264.9
0 0
0 0
target 2 420000   565582 8885.5   565582 8885.5   565582 8885.5   0 0   0 0   565582 8885.5   565582 8885.5   565582 8885.5   0 0   0 0   0.243877 0.0038314   483373 7859.62   483373 7859.62   483373 7859.62   0 0   0 0   483373 7859.62   483373 7859.62   483373 7859.62   0 0   0 0   0.208429 0.00338904
reflector 6 1.33513e+06 5782   0.613806 0.00481722   503053 8548
aux 10 984000 4218   0.788011 0   0 0
2 6   202093 6358.36   202093 6358.36   202093 6358.36   0 0   0 0   202093 6358.36   202093 6358.36   202093 6358.36   0 0   0 0   101060 3774.87   101060 3774.87   101060 3774.87   0 0   0 0   101060 3774.87   101060 3774.87   101060 3774.87   0 0   0 0
2 10   363489 7294.87   363489 7294.87   363489 7294.87   0 0   0 0   363489 7294.87   363489 7294.87   363489 7294.87   0 0   0 0   382313 7433.12   382313 7433.12   382313 7433.12   0 0   0 0   382313 7433.12   382313 7433.12   382313 7433.12   0 0   0 0
#--- Sun direction: 143 0 (0.798636 -0.601815 -0)
7 1 2 10000 0
2.31913e+06 0
1.07655e+06 9328.65
0.692779 0.0029279
490484 8488.99
39606.7 2244.83
0 0
0 0
target 2 420000   580010 8997.21   580010 8997.21   580010 8997.21   0 0   0 0   580010 8997.21   580010 8997.21   580010 8997.21   0 0   0 0   0.250098 0.00387956   496544 7979.6   496544 7979.6   496544 7979.6   0 0   0 0   496544 7979.6   496544 7979.6   496544 7979.6   0 0   0 0   0.214108 0.00344078
reflector 6 1.33513e+06 5778   0.615429 0.00481926   490484 8488.99
aux 10 984000 4222   0.798636 1.61348e-09   0 0
2 6   209952 6453.15   209952 6453.15   209952 6453.15   0 0   0 0   209952 6453.15   209952 6453.15   209952 6453.15   0 0   0 0   109447 3928.87   109447 3928.87   109447 3928.87   0 0   0 0   109447 3928.87   109447 3928.87   109447 3928.87   0 0   0 0
2 10   370057 7405.77   370057 7405.77   370057 7405.77   0 0   0 0   370057 7405.77   370057 7405.77   370057 7405.77   0 0   0 0   387097 7530.69   387097 7530.69   387097 7530.69   0 0   0 0   387097 7530.69   387097 7530.69   387097 7530.69   0 0   0 0
#--- Sun direction: 144 0 (0.809017 -0.587785 -0)
7 1 2 10000 0
2.31913e+06 0
1.0924e+06 9381.93
0.696682 0.00294862
484316 8462.68
38980.4 2286.76
0 0
0 0
target 2 420000   583418 9056.01   583418 9056.01   583418 9056.01   0 0   0 0   583418 9056.01   583418 9056.01   583418 9056.01   0 0   0 0   0.251568 0.00390492   508982 8086.97   508982 8086.97   508982 8086.97   0 0   0 0   508982 8086.97   508982 8086.97   508982 8086.97   0 0   0 0   0.219471 0.00348707
reflector 6 1.33513e+06 5801   0.61537 0.00480854   484316 8462.68
aux 10 984000 4199   0.809017 8.60421e-10   0 0
2 6   213241 6484.49   213241 6484.49   213241 6484.49   0 0   0 0   213241 6484.49   213241 6484.49   213241 6484.49   0 0   0 0   117416 4057.16   117416 4057.16   117416 4057.16   0 0   0 0   117416 4057.16   117416 4057.16   117416 4057.16   0 0   0 0
2 10   370177 7466.6   370177 7466.6   370177 7466.6   0 0   0 0   370177 7466.6   370177 7466.6   370177 7466.6   0 0   0 0   391566 7624.55   391566 7624.55   391566 7624.55   0 0   0 0   391566 7624.55   391566 7624.55   391566 7624.55   0 0   0 0
#--- Sun direction: 145 0 (0.819152 -0.573576 -0)
7 1 2 10000 0
2.31913e+06 0
1.1085e+06 9430.34
0.702627 0.00295022
483232 8469.28
37754.3 2302.84
0 0
0 0
target 2 420000   585288 9100.28   585288 9100.28   585288 9100.28   0 0   0 0   585288 9100.28   585288 9100.28   585288 9100.28   0 0   0 0   0.252374 0.00392401   523209 8207.42   523209 8207.42   523209 8207.42   0 0   0 0   523209 8207.42   523209 8207.42   523209 8207.42   0 0   0 0   0.225606 0.00353901
reflector 6 1.33513e+06 5796   0.618108 0.00479348   483232 8469.28
aux 10 984000 4204   0.819152 0   0 0
2 6   212943 6465.43   212943 6465.43   212943 6465.43   0 0   0 0   212943 6465.43   212943 6465.43   212943 6465.43   0 0   0 0   123508 4156.82   123508 4156.82   123508 4156.82   0 0   0 0   123508 4156.82   123508 4156.82   123508 4156.82   0 0   0 0
2 10   372345 7541.29   372345 7541.29   372345 7541.29   0 0   0 0   372345 7541.29   372345 7541.29   372345 7541.29   0 0   0 0   399701 7743.12   399701 7743.12   399701 7743.12   0 0   0 0   399701 7743.12   399701 7743.12   399701 7743.12   0 0   0 0
#--- Sun direction: 146 0 (0.829038 -0.559193 -0)
7 1 2 10000 0
2.31913e+06 0
1.12645e+06 9475.05
0.707093 0.00296057
477190 8436.15
36198 2304.74
0 0
0 0
target 2 420000   593002 9170.39   593002 9170.39   593002 9170.39   0 0   0 0   593002 9170.39   593002 9170.39   593002 9170.39   0 0   0 0   0.2557 0.00395424   533449 8303.48   533449 8303.48   533449 8303.48   0 0   0 0   533449 8303.48   533449 8303.48   533449 8303.48   0 0   0 0   0.230021 0.00358043
reflector 6 1.33513e+06 5807   0.619041 0.0047758   477190 8436.15
aux 10 984000 4193   0.829038 1.81198e-09   0 0
2 6   217702 6508.83   217702 6508.83   217702 6508.83   0 0   0 0   217702 6508.83   217702 6508.83   217702 6508.83   0 0   0 0   129309 4246.25   129309 4246.25   129309 4246.25   0 0   0 0   129309 4246.25   129309 4246.25   129309 4246.25   0 0   0 0
2 10   375300 7620.49   375300 7620.49   375300 7620.49   0 0   0 0   375300 7620.49   375300 7620.49   375300 7620.49   0 0   0 0   404140 7833.83   404140 7833.83   404140 7833.83   0 0   0 0   404140 7833.83   404140 7833.83   404140 7833.83   0 0   0 0
#--- Sun direction: 147 0 (0.838671 -0.544639 -0)
7 1 2 10000 0
2.31913e+06 0
1.1441e+06 9508.66
0.712167 0.00296576
471722 8420.72
35781.2 2342.34
0 0
0 0
target 2 420000   598484 9230.91   598484 9230.91   598484 9230.91   0 0   0 0   598484 9230.91   598484 9230.91   598484 9230.91   0 0   0 0   0.258064 0.00398033   545618 8397.25   545618 8397.25   545618 8397.25   0 0   0 0   545618 8397.25   545618 8397.25   545618 8397.25   0 0   0 0   0.235269 0.00362086
reflector 6 1.33513e+06 5809   0.620898 0.00475859   471722 8420.72
aux 10 984000 4191   0.838671 0   0 0
2 6   219795 6522.47   219795 6522.47   219795 6522.47   0 0   0 0   219795 6522.47   219795 6522.47   219795 6522.47   0 0   0 0   136782 4346.82   136782 4346.82   136782 4346.82   0 0   0 0   136782 4346.82   136782 4346.82   136782 4346.82   0 0   0 0
2 10   378689 7701.55   378689 7701.55   378689 7701.55   0 0   0 0   378689 7701.55   378689 7701.55   378689 7701.55   0 0   0 0   408836 7924.85   408836 7924.85   408836 7924.85   0 0   0 0   408836 7924.85   408836 7924.85   408836 7924.85   0 0   0 0
#--- Sun direction: 148 0 (0.848048 -0.529919 -0)
7 1 2 10000 0
2.31913e+06 0
1.15878e+06 9548.61
0.717113 0.00297168
470365 8424.99
33931.8 2324.88
0 0
0 0
target 2 420000   601361 9273.69   601361 9273.69   601361 9273.69   0 0   0 0   601361 9273.69   601361 9273.69   601361 9273.69   0 0   0 0   0.259305 0.00399878   557418 8498.03   557418 8498.03   557418 8498.03   0 0   0 0   557418 8498.03   557418 8498.03   557418 8498.03   0 0   0 0   0.240357 0.00366432
reflector 6 1.33513e+06 5820   0.623073 0.00473664   470365 8424.99
aux 10 984000 4180   0.848048 0   0 0
2 6   219618 6501.01   219618 6501.01   219618 6501.01   0 0   0 0   219618 6501.01   219618 6501.01   219618 6501.01   0 0   0 0   144208 4465.53   144208 4465.53   144208 4465.53   0 0   0 0   144208 4465.53   144208 4465.53   144208 4465.53   0 0   0 0
2 10   381743 7778.55   381743 7778.55   381743 7778.55   0 0   0 0   381743 7778.55   381743 7778.55   381743 7778.55   0 0   0 0   413211 8012.06   413211 8012.06   413211 8012.06   0 0   0 0   413211 8012.06   413211 8012.06   413211 8012.06   0 0   0 0
#--- Sun direction: 149 0 (0.857167 -0.515038 -0)
7 1 2 10000 0
2.31913e+06 0
1.17195e+06 9598.81
0.722036 0.00297739
469067 8421.17
33472.6 2357.13
0 0
0 0
target 2 420000   606797 9332.83   606797 9332.83   606797 9332.83   0 0   0 0   606797 9332.83   606797 9332.83   606797 9332.83   0 0   0 0   0.261649 0.00402428   565157 8580.36   565157 8580.36   565157 8580.36   0 0   0 0   565157 8580.36   565157 8580.36   565157 8580.36   0 0   0 0   0.243694 0.00369982
reflector 6 1.33513e+06 5836   0.625619 0.00471196   469067 8421.17
aux 10 984000 4164   0.857167 1.68905e-09   0 0
2 6   223136 6532.66   223136 6532.66   223136 6532.66   0 0   0 0   223136 6532.66   223136 6532.66   223136 6532.66   0 0   0 0   148895 4538.49   148895 4538.49   148895 4538.49   0 0   0 0   148895 4538.49   148895 4538.49   148895 4538.49   0 0   0 0
2 10   383661 7845.23   383661 7845.23   383661 7845.23   0 0   0 0   383661 7845.23   383661 7845.23   383661 7845.23   0 0   0 0   416262 8088.3   416262 8088.3   416262 8088.3   0 0   0 0   416262 8088.3   416262 8088.3   416262 8088.3   0 0   0 0
#--- Sun direction: 150 0 (0.866025 -0.5 -0)
7 1 2 10000 0
2.31913e+06 0
1.18694e+06 9631.35
0.725791 0.00297994
462822 8373.06
33445.4 2406.78
0 0
0 0
target 2 420000   615300 9401.6   615300 9401.6   615300 9401.6   0 0   0 0   615300 9401.6   615300 9401.6   615300 9401.6   0 0   0 0   0.265315 0.00405394   571636 8643.98   571636 8643.98   571636 8643.98   0 0   0 0   571636 8643.98   571636 8643.98   571636 8643.98   0 0   0 0   0.246488 0.00372725
reflector 6 1.33513e+06 5870   0.627126 0.00466433   462822 8373.06
aux 10 984000 4130   0.866025 1.52929e-09   0 0
2 6   230888 6611.53   230888 6611.53   230888 6611.53   0 0   0 0   230888 6611.53   230888 6611.53   230888 6611.53   0 0   0 0   155491 4625.76   155491 4625.76   155491 4625.76   0 0   0 0   155491 4625.76   155491 4625.76   155491 4625.76   0 0   0 0
2 10   384412 7901.21   384412 7901.21   384412 7901.21   0 0   0 0   384412 7901.21   384412 7901.21   384412 7901.21   0 0   0 0   416146 8140.15   416146 8140.15   416146 8140.15   0 0   0 0   416146 8140.15   416146 8140.15   416146 8140.15   0 0   0 0
#--- Sun direction: 151 0 (0.87462 -0.48481 -0)
7 1 2 10000 0
2.31913e+06 0
1.20644e+06 9646.93
0.729975 0.00297507
453196 8302.64
33266 2449.52
0 0
0 0
target 2 420000   621693 9458.01   621693 9458.01   621693 9458.01   0 0   0 0   621693 9458.01   621693 9458.01   621693 9458.01   0 0   0 0   0.268072 0.00407826   584749 8735.91   584749 8735.91   584749 8735.91   0 0   0 0   584749 8735.91   584749 8735.91   584749 8735.91   0 0   0 0   0.252142 0.0037669
reflector 6 1.33513e+06 5847   0.627236 0.00464144   453196 8302.64
aux 10 984000 4153   0.87462 0   0 0
2 6   230829 6595.06   230829 6595.06   230829 6595.06   0 0   0 0   230829 6595.06   230829 6595.06   230829 6595.06   0 0   0 0   163054 4723.97   163054 4723.97   163054 4723.97   0 0   0 0   163054 4723.97   163054 4723.97   163054 4723.97   0 0   0 0
2 10   390864 8000.23   390864 8000.23   390864 8000.23   0 0   0 0   390864 8000.23   390864 8000.23   390864 8000.23   0 0   0 0   421695 8231.17   421695 8231.17   421695 8231.17   0 0   0 0   421695 8231.17   421695 8231.17   421695 8231.17   0 0   0 0
#--- Sun direction: 152 0 (0.882948 -0.469472 -0)
7 1 2 10000 0
2.31913e+06 0
1.22813e+06 9653.67
0.736033 0.00294863
446830 8250.19
31998 2444.28
0 0
0 0
target 2 420000   634339 9537.51   634339 9537.51   634339 9537.51   0 0   0 0   634339 9537.51   634339 9537.51   634339 9537.51   0 0   0 0   0.273525 0.00411254   593789 8806.93   593789 8806.93   593789 8806.93   0 0   0 0   593789 8806.93   593789 8806.93   593789 8806.93   0 0   0 0   0.25604 0.00379752
reflector 6 1.33513e+06 5832   0.631037 0.00458556   446830 8250.19
aux 10 984000 4168   0.882948 0   0 0
2 6   234019 6614.68   234019 6614.68   234019 6614.68   0 0   0 0   234019 6614.68   234019 6614.68   234019 6614.68   0 0   0 0   170127 4813.96   170127 4813.96   170127 4813.96   0 0   0 0   170127 4813.96   170127 4813.96   170127 4813.96   0 0   0 0
2 10   400319 8120.75   400319 8120.75   400319 8120.75   0 0   0 0   400319 8120.75   400319 8120.75   400319 8120.75   0 0   0 0   423663 8294.76   423663 8294.76   423663 8294.76   0 0   0 0   423663 8294.76   423663 8294.76   423663 8294.76   0 0   0 0
#--- Sun direction: 153 0 (0.891007 -0.45399 -0)
7 1 2 10000 0
2.31913e+06 0
1.24691e+06 9666.23
0.742703 0.00291898
444912 8233.61
30599.4 2430
0 0
0 0
target 2 420000   638987 9581.45   638987 9581.45   638987 9581.45   0 0   0 0   638987 9581.45   638987 9581.45   638987 9581.45   0 0   0 0   0.275529 0.00413149   607925 8906.35   607925 8906.35   607925 8906.35   0 0   0 0   607925 8906.35   607925 8906.35   607925 8906.35   0 0   0 0   0.262135 0.00384039
reflector 6 1.33513e+06 5826   0.636452 0.00452332   444912 8233.61
aux 10 984000 4174   0.891007 2.23619e-09   0 0
2 6   236254 6620.71   236254 6620.71   236254 6620.71   0 0   0 0   236254 6620.71   236254 6620.71   236254 6620.71   0 0   0 0   177089 4911.03   177089 4911.03   177089 4911.03   0 0   0 0   177089 4911.03   177089 4911.03   177089 4911.03   0 0   0 0
2 10   402733 8185.34   402733 8185.34   402733 8185.34   0 0   0 0   402733 8185.34   402733 8185.34   402733 8185.34   0 0   0 0   430836 8394.3   430836 8394.3   430836 8394.3   0 0   0 0   430836 8394.3   430836 8394.3   430836 8394.3   0 0   0 0
#--- Sun direction: 154 0 (0.898794 -0.438371 -0)
7 1 2 10000 0
2.31913e+06 0
1.26327e+06 9682.31
0.748976 0.0028864
444115 8215.65
29584.1 2423.77
0 0
0 0
target 2 420000   644221 9627.95   644221 9627.95   644221 9627.95   0 0   0 0   644221 9627.95   644221 9627.95   644221 9627.95   0 0   0 0   0.277786 0.00415154   619051 8989.49   619051 8989.49   619051 8989.49   0 0   0 0   619051 8989.49   619051 8989.49   619051 8989.49   0 0   0 0   0.266933 0.00387624
reflector 6 1.33513e+06 5830   0.641816 0.00444842   444115 8215.65
aux 10 984000 4170   0.898794 1.54796e-09   0 0
2 6   238594 6630.01   238594 6630.01   238594 6630.01   0 0   0 0   238594 6630.01   238594 6630.01   238594 6630.01   0 0   0 0   184033 5007.05   184033 5007.05   184033 5007.05   0 0   0 0   184033 5007.05   184033 5007.05   184033 5007.05   0 0   0 0
2 10   405628 8252.06   405628 8252.06   405628 8252.06   0 0   0 0   405628 8252.06   405628 8252.06   405628 8252.06   0 0   0 0   435018 8470.65   435018 8470.65   435018 8470.65   0 0   0 0   435018 8470.65   435018 8470.65   435018 8470.65   0 0   0 0
#--- Sun direction: 155 0 (0.906308 -0.422618 -0)
7 1 2 10000 0
2.31913e+06 0
1.27856e+06 9699.48
0.755263 0.00285109
442792 8192.79
30200.5 2478.25
0 0
0 0
target 2 420000   649476 9673.18   649476 9673.18   649476 9673.18   0 0   0 0   649476 9673.18   649476 9673.18   649476 9673.18   0 0   0 0   0.280052 0.00417104   629084 9067.78   629084 9067.78   629084 9067.78   0 0   0 0   629084 9067.78   629084 9067.78   629084 9067.78   0 0   0 0   0.271259 0.00390999
reflector 6 1.33513e+06 5815   0.646558 0.0043799   442792 8192.79
aux 10 984000 4185   0.906308 4.60683e-10   0 0
2 6   240457 6633.32   240457 6633.32   240457 6633.32   0 0   0 0   240457 6633.32   240457 6633.32   240457 6633.32   0 0   0 0   188117 5057.27   188117 5057.27   188117 5057.27   0 0   0 0   188117 5057.27   188117 5057.27   188117 5057.27   0 0   0 0
2 10   409019 8321.04   409019 8321.04   409019 8321.04   0 0   0 0   409019 8321.04   409019 8321.04   409019 8321.04   0 0   0 0   440967 8557.99   440967 8557.99   440967 8557.99   0 0   0 0   440967 8557.99   440967 8557.99   440967 8557.99   0 0   0 0
#--- Sun direction: 156 0 (0.913545 -0.406737 -0)
7 1 2 10000 0
2.31913e+06 0
1.28732e+06 9736.02
0.759161 0.00283011
442929 8156.29
30340.3 2510.09
0 0
0 0
target 2 420000   650623 9701.85   650623 9701.85   650623 9701.85   0 0   0 0   650623 9701.85   650623 9701.85   650623 9701.85   0 0   0 0   0.280546 0.0041834   636701 9138.63   636701 9138.63   636701 9138.63   0 0   0 0   636701 9138.63   636701 9138.63   636701 9138.63   0 0   0 0   0.274543 0.00394055
reflector 6 1.33513e+06 5815   0.648052 0.00431438   442929 8156.29
aux 10 984000 4185   0.913545 0   0 0
2 6   237278 6576.81   237278 6576.81   237278 6576.81   0 0   0 0   237278 6576.81   237278 6576.81   237278 6576.81   0 0   0 0   193060 5131.77   193060 5131.77   193060 5131.77   0 0   0 0   193060 5131.77   193060 5131.77   193060 5131.77   0 0   0 0
2 10   413345 8395.66   413345 8395.66   413345 8395.66   0 0   0 0   413345 8395.66   413345 8395.66   413345 8395.66   0 0   0 0   443641 8620.29   443641 8620.29   443641 8620.29   0 0   0 0   443641 8620.29   443641 8620.29   443641 8620.29   0 0   0 0
#--- Sun direction: 157 0 (0.920505 -0.390731 -0)
7 1 2 10000 0
2.31913e+06 0
1.30657e+06 9738.09
0.76447 0.00279595
435994 8083.33
30340.2 2525.72
0 0
0 0
target 2 420000   659868 9765.95   659868 9765.95   659868 9765.95   0 0   0 0   659868 9765.95   659868 9765.95   659868 9765.95   0 0   0 0   0.284533 0.00421104   646703 9208.93   646703 9208.93   646703 9208.93   0 0   0 0   646703 9208.93   646703 9208.93   646703 9208.93   0 0   0 0   0.278856 0.00397086
reflector 6 1.33513e+06 5801   0.651526 0.00424185   435994 8083.33
aux 10 984000 4199   0.920505 2.38425e-09   0 0
2 6   239745 6594.09   239745 6594.09   239745 6594.09   0 0   0 0   239745 6594.09   239745 6594.09   239745 6594.09   0 0   0 0   200750 5234.13   200750 5234.13   200750 5234.13   0 0   0 0   200750 5234.13   200750 5234.13   200750 5234.13   0 0   0 0
2 10   420123 8487.41   420123 8487.41   420123 8487.41   0 0   0 0   420123 8487.41   420123 8487.41   420123 8487.41   0 0   0 0   445953 8678.32   445953 8678.32   445953 8678.32   0 0   0 0   445953 8678.32   445953 8678.32   445953 8678.32   0 0   0 0
#--- Sun direction: 158 0 (0.927184 -0.374607 -0)
7 1 2 10000 0
2.31913e+06 0
1.32718e+06 9726.15
0.771471 0.0027372
429405 8012.55
32553.3 2629.34
0 0
0 0
target 2 420000   671628 9833.4   671628 9833.4   671628 9833.4   0 0   0 0   671628 9833.4   671628 9833.4   671628 9833.4   0 0   0 0   0.289603 0.00424013   655554 9271.46   655554 9271.46   655554 9271.46   0 0   0 0   655554 9271.46   655554 9271.46   655554 9271.46   0 0   0 0   0.282673 0.00399782
reflector 6 1.33513e+06 5815   0.659406 0.00412269   429405 8012.55
aux 10 984000 4185   0.927184 0   0 0
2 6   251252 6715.63   251252 6715.63   251252 6715.63   0 0   0 0   251252 6715.63   251252 6715.63   251252 6715.63   0 0   0 0   207440 5317.5   207440 5317.5   207440 5317.5   0 0   0 0   207440 5317.5   207440 5317.5   207440 5317.5   0 0   0 0
2 10   420376 8527.61   420376 8527.61   420376 8527.61   0 0   0 0   420376 8527.61   420376 8527.61   420376 8527.61   0 0   0 0   448114 8733.58   448114 8733.58   448114 8733.58   0 0   0 0   448114 8733.58   448114 8733.58   448114 8733.58   0 0   0 0
#--- Sun direction: 159 0 (0.93358 -0.358368 -0)
7 1 2 10000 0
2.31913e+06 0
1.34051e+06 9738.74
0.776887 0.00268739
431957 7995.45
29228.8 2498.57
0 0
0 0
target 2 420000   679089 9880.08   679089 9880.08   679089 9880.08   0 0   0 0   679089 9880.08   679089 9880.08   679089 9880.08   0 0   0 0   0.292821 0.00426026   661425 9330.62   661425 9330.62   661425 9330.62   0 0   0 0   661425 9330.62   661425 9330.62   661425 9330.62   0 0   0 0   0.285204 0.00402333
reflector 6 1.33513e+06 5827   0.66467 0.00401143   431957 7995.45
aux 10 984000 4173   0.93358 1.25287e-09   0 0
2 6   253648 6722.09   253648 6722.09   253648 6722.09   0 0   0 0   253648 6722.09   253648 6722.09   253648 6722.09   0 0   0 0   212602 5395.77   212602 5395.77   212602 5395.77   0 0   0 0   212602 5395.77   212602 5395.77   212602 5395.77   0 0   0 0
2 10   425441 8603.02   425441 8603.02   425441 8603.02   0 0   0 0   425441 8603.02   425441 8603.02   425441 8603.02   0 0   0 0   448824 8776.69   448824 8776.69   448824 8776.69   0 0   0 0   448824 8776.69   448824 8776.69   448824 8776.69   0 0   0 0
#--- Sun direction: 160 0 (0.939693 -0.34202 -0)
7 1 2 10000 0
2.31913e+06 0
1.35474e+06 9743.39
0.781844 0.00264447
428354 7937.19
30101.9 2544.77
0 0
0 0
target 2 420000   685868 9921.88   685868 9921.88   685868 9921.88   0 0   0 0   685868 9921.88   685868 9921.88   685868 9921.88   0 0   0 0   0.295744 0.00427828   668872 9393.7   668872 9393.7   668872 9393.7   0 0   0 0   668872 9393.7   668872 9393.7   668872 9393.7   0 0   0 0   0.288415 0.00405053
reflector 6 1.33513e+06 5818   0.668381 0.00392031   428354 7937.19
aux 10 984000 4182   0.939693 0   0 0
2 6   256334 6731.09   256334 6731.09   256334 6731.09   0 0   0 0   256334 6731.09   256334 6731.09   256334 6731.09   0 0   0 0   216674 5453.41   216674 5453.41   216674 5453.41   0 0   0 0   216674 5453.41   216674 5453.41   216674 5453.41   0 0   0 0
2 10   429534 8669.31   429534 8669.31   429534 8669.31   0 0   0 0   429534 8669.31   429534 8669.31   429534 8669.31   0 0   0 0   452198 8837.3   452198 8837.3   452198 8837.3   0 0   0 0   452198 8837.3   452198 8837.3   452198 8837.3   0 0   0 0
#--- Sun direction: 161 0 (0.945519 -0.325568 -0)
7 1 2 10000 0
2.31913e+06 0
1.36692e+06 9749.33
0.78613 0.0025987
426395 7879.55
29821.8 2539.75
0 0
0 0
target 2 420000   688943 9946.87   688943 9946.87   688943 9946.87   0 0   0 0   688943 9946.87   688943 9946.87   688943 9946.87   0 0   0 0   0.29707 0.00428906   677977 9461.84   677977 9461.84   677977 9461.84   0 0   0 0   677977 9461.84   677977 9461.84   677977 9461.84   0 0   0 0   0.292341 0.00407991
reflector 6 1.33513e+06 5821   0.671702 0.00381417   426395 7879.55
aux 10 984000 4179   0.945519 2.04879e-09   0 0
2 6   257184 6716.77   257184 6716.77   257184 6716.77   0 0   0 0   257184 6716.77   257184 6716.77   257184 6716.77   0 0   0 0   223194 5548.55   223194 5548.55   223194 5548.55   0 0   0 0   223194 5548.55   223194 5548.55   223194 5548.55   0 0   0 0
2 10   431758 8719.72   431758 8719.72   431758 8719.72   0 0   0 0   431758 8719.72   431758 8719.72   431758 8719.72   0 0   0 0   454782 8890.5   454782 8890.5   454782 8890.5   0 0   0 0   454782 8890.5   454782 8890.5   454782 8890.5   0 0   0 0
#--- Sun direction: 162 0 (0.951057 -0.309017 -0)
7 1 2 10000 0
2.31913e+06 0
1.38461e+06 9736.95
0.790749 0.00255509
419465 7792.83
29775.9 2545.34
0 0
0 0
target 2 420000   696811 9991.82   696811 9991.82   696811 9991.82   0 0   0 0   696811 9991.82   696811 9991.82   696811 9991.82   0 0   0 0   0.300462 0.00430844   687798 9530.2   687798 9530.2   687798 9530.2   0 0   0 0   687798 9530.2   687798 9530.2   687798 9530.2   0 0   0 0   0.296576 0.00410939
reflector 6 1.33513e+06 5816   0.675425 0.00371952   419465 7792.83
aux 10 984000 4184   0.951057 2.11137e-09   0 0
2 6   261862 6752.82   261862 6752.82   261862 6752.82   0 0   0 0   261862 6752.82   261862 6752.82   261862 6752.82   0 0   0 0   229690 5640.41   229690 5640.41   229690 5640.41   0 0   0 0   229690 5640.41   229690 5640.41   229690 5640.41   0 0   0 0
2 10   434949 8775.83   434949 8775.83   434949 8775.83   0 0   0 0   434949 8775.83   434949 8775.83   434949 8775.83   0 0   0 0   458108 8947.35   458108 8947.35   458108 8947.35   0 0   0 0   458108 8947.35   458108 8947.35   458108 8947.35   0 0   0 0
#--- Sun direction: 163 0 (0.956305 -0.292372 -0)
7 1 2 10000 0
2.31913e+06 0
1.40111e+06 9727.39
0.796529 0.00250124
414649 7731.19
31492.7 2623.98
0 0
0 0
target 2 420000   702806 10029.7   702806 10029.7   702806 10029.7   0 0   0 0   702806 10029.7   702806 10029.7   702806 10029.7   0 0   0 0   0.303048 0.00432479   698306 9601.11   698306 9601.11   698306 9601.11   0 0   0 0   698306 9601.11   698306 9601.11   698306 9601.11   0 0   0 0   0.301107 0.00413996
reflector 6 1.33513e+06 5801   0.680878 0.0036194   414649 7731.19
aux 10 984000 4199   0.956305 0   0 0
2 6   263905 6759.1   263905 6759.1   263905 6759.1   0 0   0 0   263905 6759.1   263905 6759.1   263905 6759.1   0 0   0 0   237449 5753.05   237449 5753.05   237449 5753.05   0 0   0 0   237449 5753.05   237449 5753.05   237449 5753.05   0 0   0 0
2 10   438901 8836.05   438901 8836.05   438901 8836.05   0 0   0 0   438901 8836.05   438901 8836.05   438901 8836.05   0 0   0 0   460858 8998.32   460858 8998.32   460858 8998.32   0 0   0 0   460858 8998.32   460858 8998.32   460858 8998.32   0 0   0 0
#--- Sun direction: 164 0 (0.961262 -0.275637 -0)
7 1 2 10000 0
2.31913e+06 0
1.41255e+06 9733.14
0.801404 0.0024533
413682 7694.88
32324.7 2664.89
0 0
0 0
target 2 420000   710845 10072.6   710845 10072.6   710845 10072.6   0 0   0 0   710845 10072.6   710845 10072.6   710845 10072.6   0 0   0 0   0.306514 0.00434327   701708 9645.62   701708 9645.62   701708 9645.62   0 0   0 0   701708 9645.62   701708 9645.62   701708 9645.62   0 0   0 0   0.302574 0.00415916
reflector 6 1.33513e+06 5800   0.685645 0.00352003   413682 7694.88
aux 10 984000 4200   0.961262 0   0 0
2 6   266548 6770.21   266548 6770.21   266548 6770.21   0 0   0 0   266548 6770.21   266548 6770.21   266548 6770.21   0 0   0 0   242028 5826.12   242028 5826.12   242028 5826.12   0 0   0 0   242028 5826.12   242028 5826.12   242028 5826.12   0 0   0 0
2 10   444297 8905.43   444297 8905.43   444297 8905.43   0 0   0 0   444297 8905.43   444297 8905.43   444297 8905.43   0 0   0 0   459680 9019.17   459680 9019.17   459680 9019.17   0 0   0 0   459680 9019.17   459680 9019.17   459680 9019.17   0 0   0 0
#--- Sun direction: 165 0 (0.965926 -0.258819 -0)
7 1 2 10000 0
2.31913e+06 0
1.42119e+06 9738.61
0.805266 0.00241243
412501 7658.4
33825.6 2731.83
0 0
0 0
target 2 420000   714988 10094.9   714988 10094.9   714988 10094.9   0 0   0 0   714988 10094.9   714988 10094.9   714988 10094.9   0 0   0 0   0.3083 0.00435291   706202 9691.11   706202 9691.11   706202 9691.11   0 0   0 0   706202 9691.11   706202 9691.11   706202 9691.11   0 0   0 0   0.304512 0.00417877
reflector 6 1.33513e+06 5812   0.689498 0.00342386   412501 7658.4
aux 10 984000 4188   0.965926 0   0 0
2 6   268086 6762.48   268086 6762.48   268086 6762.48   0 0   0 0   268086 6762.48   268086 6762.48   268086 6762.48   0 0   0 0   248772 5927.21   248772 5927.21   248772 5927.21   0 0   0 0   248772 5927.21   248772 5927.21   248772 5927.21   0 0   0 0
2 10   446901 8952.01   446901 8952.01   446901 8952.01   0 0   0 0   446901 8952.01   446901 8952.01   446901 8952.01   0 0   0 0   457430 9030.22   457430 9030.22   457430 9030.22   0 0   0 0   457430 9030.22   457430 9030.22   457430 9030.22   0 0   0 0
#--- Sun direction: 166 0 (0.970296 -0.241922 -0)
7 1 2 10000 0
2.31913e+06 0
1.4349e+06 9731.74
0.809139 0.00237205
408067 7588.7
33528.6 2726.23
0 0
0 0
target 2 420000   720784 10123.4   720784 10123.4   720784 10123.4   0 0   0 0   720784 10123.4   720784 10123.4   720784 10123.4   0 0   0 0   0.310799 0.00436517   714118 9755.44   714118 9755.44   714118 9755.44   0 0   0 0   714118 9755.44   714118 9755.44   714118 9755.44   0 0   0 0   0.307925 0.00420651
reflector 6 1.33513e+06 5795   0.692199 0.00333812   408067 7588.7
aux 10 984000 4205   0.970296 1.90188e-09   0 0
2 6   270736 6770.13   270736 6770.13   270736 6770.13   0 0   0 0   270736 6770.13   270736 6770.13   270736 6770.13   0 0   0 0   251468 5977.8   251468 5977.8   251468 5977.8   0 0   0 0   251468 5977.8   251468 5977.8   251468 5977.8   0 0   0 0
2 10   450048 9000.96   450048 9000.96   450048 9000.96   0 0   0 0   450048 9000.96   450048 9000.96   450048 9000.96   0 0   0 0   462650 9094.11   462650 9094.11   462650 9094.11   0 0   0 0   462650 9094.11   462650 9094.11   462650 9094.11   0 0   0 0
#--- Sun direction: 167 0 (0.97437 -0.224951 -0)
7 1 2 10000 0
2.31913e+06 0
1.44302e+06 9734.21
0.812676 0.00233162
402951 7513.59
38729.8 2936.39
0 0
0 0
target 2 420000   717563 10115.3   717563 10115.3   717563 10115.3   0 0   0 0   717563 10115.3   717563 10115.3   717563 10115.3   0 0   0 0   0.309411 0.00436167   725457 9825.9   725457 9825.9   725457 9825.9   0 0   0 0   725457 9825.9   725457 9825.9   725457 9825.9   0 0   0 0   0.312814 0.00423689
reflector 6 1.33513e+06 5805   0.695827 0.00324439   402951 7513.59
aux 10 984000 4195   0.97437 0   0 0
2 6   271274 6752.92   271274 6752.92   271274 6752.92   0 0   0 0   271274 6752.92   271274 6752.92   271274 6752.92   0 0   0 0   259057 6088.86   259057 6088.86   259057 6088.86   0 0   0 0   259057 6088.86   259057 6088.86   259057 6088.86   0 0   0 0
2 10   446289 8996.11   446289 8996.11   446289 8996.11   0 0   0 0   446289 8996.11   446289 8996.11   446289 8996.11   0 0   0 0   466400 9145.44   466400 9145.44   466400 9145.44   0 0   0 0   466400 9145.44   466400 9145.44   466400 9145.44   0 0   0 0
#--- Sun direction: 168 0 (0.978148 -0.207912 -0)
7 1 2 10000 0
2.31913e+06 0
1.46179e+06 9706.14
0.815826 0.00229785
399137 7449.41
31077.8 2636.9
0 0
0 0
target 2 420000   731668 10184.1   731668 10184.1   731668 10184.1   0 0   0 0   731668 10184.1   731668 10184.1   731668 10184.1   0 0   0 0   0.315492 0.00439134   730123 9865.85   730123 9865.85   730123 9865.85   0 0   0 0   730123 9865.85   730123 9865.85   730123 9865.85   0 0   0 0   0.314827 0.00425412
reflector 6 1.33513e+06 5798   0.698187 0.00316646   399137 7449.41
aux 10 984000 4202   0.978148 2.47049e-09   0 0
2 6   273441 6769.49   273441 6769.49   273441 6769.49   0 0   0 0   273441 6769.49   273441 6769.49   273441 6769.49   0 0   0 0   266225 6190.51   266225 6190.51   266225 6190.51   0 0   0 0   266225 6190.51   266225 6190.51   266225 6190.51   0 0   0 0
2 10   458227 9107.65   458227 9107.65   458227 9107.65   0 0   0 0   458227 9107.65   458227 9107.65   458227 9107.65   0 0   0 0   463898 9149.47   463898 9149.47   463898 9149.47   0 0   0 0   463898 9149.47   463898 9149.47   463898 9149.47   0 0   0 0
#--- Sun direction: 169 0 (0.981627 -0.190809 -0)
7 1 2 10000 0
2.31913e+06 0
1.46768e+06 9707.94
0.819495 0.00226026
392237 7373.98
40594.5 3015.53
0 0
0 0
target 2 420000   728150 10170.1   728150 10170.1   728150 10170.1   0 0   0 0   728150 10170.1   728150 10170.1   728150 10170.1   0 0   0 0   0.313976 0.0043853   739533 9925.32   739533 9925.32   739533 9925.32   0 0   0 0   739533 9925.32   739533 9925.32   739533 9925.32   0 0   0 0   0.318884 0.00427976
reflector 6 1.33513e+06 5796   0.701896 0.00308737   392237 7373.98
aux 10 984000 4204   0.981627 2.2459e-09   0 0
2 6   275123 6763.79   275123 6763.79   275123 6763.79   0 0   0 0   275123 6763.79   275123 6763.79   275123 6763.79   0 0   0 0   272164 6276.78   272164 6276.78   272164 6276.78   0 0   0 0   272164 6276.78   272164 6276.78   272164 6276.78   0 0   0 0
2 10   453027 9088.96   453027 9088.96   453027 9088.96   0 0   0 0   453027 9088.96   453027 9088.96   453027 9088.96   0 0   0 0   467370 9195.33   467370 9195.33   467370 9195.33   0 0   0 0   467370 9195.33   467370 9195.33   467370 9195.33   0 0   0 0
#--- Sun direction: 170 0 (0.984808 -0.173648 -0)
7 1 2 10000 0
2.31913e+06 0
1.48651e+06 9664.88
0.82111 0.00223372
388288 7298.57
29462.3 2577.22
0 0
0 0
target 2 420000   736664 10207   736664 10207   736664 10207   0 0   0 0   736664 10207   736664 10207   736664 10207   0 0   0 0   0.317647 0.0044012   749845 9985.23   749845 9985.23   749845 9985.23   0 0   0 0   749845 9985.23   749845 9985.23   749845 9985.23   0 0   0 0   0.32333 0.00430559
reflector 6 1.33513e+06 5807   0.70291 0.00300971   388288 7298.57
aux 10 984000 4193   0.984808 2.8184e-10   0 0
2 6   278286 6783.53   278286 6783.53   278286 6783.53   0 0   0 0   278286 6783.53   278286 6783.53   278286 6783.53   0 0   0 0   280047 6386.86   280047 6386.86   280047 6386.86   0 0   0 0   280047 6386.86   280047 6386.86   280047 6386.86   0 0   0 0
2 10   458378 9147.55   458378 9147.55   458378 9147.55   0 0   0 0   458378 9147.55   458378 9147.55   458378 9147.55   0 0   0 0   469797 9231.79   469797 9231.79   469797 9231.79   0 0   0 0   469797 9231.79   469797 9231.79   469797 9231.79   0 0   0 0
#--- Sun direction: 171 0 (0.987688 -0.156434 -0)
7 1 2 10000 0
2.31913e+06 0
1.48694e+06 9681.25
0.823791 0.00220359
385707 7261.66
37834.5 2921.03
0 0
0 0
target 2 420000   732305 10189.4   732305 10189.4   732305 10189.4   0 0   0 0   732305 10189.4   732305 10189.4   732305 10189.4   0 0   0 0   0.315767 0.00439364   754632 10021.3   754632 10021.3   754632 10021.3   0 0   0 0   754632 10021.3   754632 10021.3   754632 10021.3   0 0   0 0   0.325395 0.00432115
reflector 6 1.33513e+06 5822   0.706175 0.00293915   385707 7261.66
aux 10 984000 4178   0.987688 1.57204e-09   0 0
2 6   278084 6758.35   278084 6758.35   278084 6758.35   0 0   0 0   278084 6758.35   278084 6758.35   278084 6758.35   0 0   0 0   286438 6474.99   286438 6474.99   286438 6474.99   0 0   0 0   286438 6474.99   286438 6474.99   286438 6474.99   0 0   0 0
2 10   454221 9132.97   454221 9132.97   454221 9132.97   0 0   0 0   454221 9132.97   454221 9132.97   454221 9132.97   0 0   0 0   468194 9237.04   468194 9237.04   468194 9237.04   0 0   0 0   468194 9237.04   468194 9237.04   468194 9237.04   0 0   0 0
#--- Sun direction: 172 0 (0.990268 -0.139173 -0)
7 1 2 10000 0
2.31913e+06 0
1.50785e+06 9629.24
0.825028 0.00218461
376328 7128.33
29166.3 2571.6
0 0
0 0
target 2 420000   745833 10240.5   745833 10240.5   745833 10240.5   0 0   0 0   745833 10240.5   745833 10240.5   745833 10240.5   0 0   0 0   0.3216 0.00441566   762019 10075.8   762019 10075.8   762019 10075.8   0 0   0 0   762019 10075.8   762019 10075.8   762019 10075.8   0 0   0 0   0.32858 0.00434466
reflector 6 1.33513e+06 5825   0.706593 0.0028806   376328 7128.33
aux 10 984000 4175   0.990268 2.29461e-09   0 0
2 6   288588 6867.1   288588 6867.1   288588 6867.1   0 0   0 0   288588 6867.1   288588 6867.1   288588 6867.1   0 0   0 0   289616 6535.43   289616 6535.43   289616 6535.43   0 0   0 0   289616 6535.43   289616 6535.43   289616 6535.43   0 0   0 0
2 10   457245 9170.7   457245 9170.7   457245 9170.7   0 0   0 0   457245 9170.7   457245 9170.7   457245 9170.7   0 0   0 0   472402 9282.97   472402 9282.97   472402 9282.97   0 0   0 0   472402 9282.97   472402 9282.97   472402 9282.97   0 0   0 0
#--- Sun direction: 173 0 (0.992546 -0.121869 -0)
7 1 2 10000 0
2.31913e+06 0
1.51167e+06 9629.89
0.826855 0.00216371
368147 7027.92
37770.9 2925.13
0 0
0 0
target 2 420000   743657 10230.2   743657 10230.2   743657 10230.2   0 0   0 0   743657 10230.2   743657 10230.2   743657 10230.2   0 0   0 0   0.320662 0.00441124   768008 10114.5   768008 10114.5   768008 10114.5   0 0   0 0   768008 10114.5   768008 10114.5   768008 10114.5   0 0   0 0   0.331162 0.00436135
reflector 6 1.33513e+06 5816   0.707658 0.00282872   368147 7027.92
aux 10 984000 4184   0.992546 2.15491e-09   0 0
2 6   288123 6841.21   288123 6841.21   288123 6841.21   0 0   0 0   288123 6841.21   288123 6841.21   288123 6841.21   0 0   0 0   295440 6616.75   295440 6616.75   295440 6616.75   0 0   0 0   295440 6616.75   295440 6616.75   295440 6616.75   0 0   0 0
2 10   455535 9170.92   455535 9170.92   455535 9170.92   0 0   0 0   455535 9170.92   455535 9170.92   455535 9170.92   0 0   0 0   472568 9297.62   472568 9297.62   472568 9297.62   0 0   0 0   472568 9297.62   472568 9297.62   472568 9297.62   0 0   0 0
#--- Sun direction: 174 0 (0.994522 -0.104528 -0)
7 1 2 10000 0
2.31913e+06 0
1.52539e+06 9598.56
0.828108 0.00214649
362112 6933.42
32986.9 2738.71
0 0
0 0
target 2 420000   750405 10253.9   750405 10253.9   750405 10253.9   0 0   0 0   750405 10253.9   750405 10253.9   750405 10253.9   0 0   0 0   0.323572 0.00442147   774986 10163.6   774986 10163.6   774986 10163.6   0 0   0 0   774986 10163.6   774986 10163.6   774986 10163.6   0 0   0 0   0.334171 0.00438253
reflector 6 1.33513e+06 5807   0.707948 0.00278089   362112 6933.42
aux 10 984000 4193   0.994522 0   0 0
2 6   294425 6900.53   294425 6900.53   294425 6900.53   0 0   0 0   294425 6900.53   294425 6900.53   294425 6900.53   0 0   0 0   295941 6641.82   295941 6641.82   295941 6641.82   0 0   0 0   295941 6641.82   295941 6641.82   295941 6641.82   0 0   0 0
2 10   455980 9185.67   455980 9185.67   455980 9185.67   0 0   0 0   455980 9185.67   455980 9185.67   455980 9185.67   0 0   0 0   479044 9356.26   479044 9356.26   479044 9356.26   0 0   0 0   479044 9356.26   479044 9356.26   479044 9356.26   0 0   0 0
#--- Sun direction: 175 0 (0.996195 -0.0871557 -0)
7 1 2 10000 0
2.31913e+06 0
1.53903e+06 9569.89
0.83053 0.00212666
352182 6811.96
34889.1 2817.71
0 0
0 0
target 2 420000   757485 10284.6   757485 10284.6   757485 10284.6   0 0   0 0   757485 10284.6   757485 10284.6   757485 10284.6   0 0   0 0   0.326625 0.00443469   781550 10208.4   781550 10208.4   781550 10208.4   0 0   0 0   781550 10208.4   781550 10208.4   781550 10208.4   0 0   0 0   0.337002 0.00440183
reflector 6 1.33513e+06 5781   0.709627 0.00274584   352182 6811.96
aux 10 984000 4219   0.996195 0   0 0
2 6   296117 6913.27   296117 6913.27   296117 6913.27   0 0   0 0   296117 6913.27   296117 6913.27   296117 6913.27   0 0   0 0   302162 6738.73   302162 6738.73   302162 6738.73   0 0   0 0   302162 6738.73   302162 6738.73   302162 6738.73   0 0   0 0
2 10   461368 9236.01   461368 9236.01   461368 9236.01   0 0   0 0   461368 9236.01   461368 9236.01   461368 9236.01   0 0   0 0   479388 9368.67   479388 9368.67   479388 9368.67   0 0   0 0   479388 9368.67   479388 9368.67   479388 9368.67   0 0   0 0
#--- Sun direction: 176 0 (0.997564 -0.0697565 -0)
7 1 2 10000 0
2.31913e+06 0
1.54922e+06 9522.07
0.831827 0.00210779
342179 6702.93
37717 2930.05
0 0
0 0
target 2 420000   763746 10295.5   763746 10295.5   763746 10295.5   0 0   0 0   763746 10295.5   763746 10295.5   763746 10295.5   0 0   0 0   0.329325 0.00443936   785472 10230   785472 10230   785472 10230   0 0   0 0   785472 10230   785472 10230   785472 10230   0 0   0 0   0.338693 0.00441115
reflector 6 1.33513e+06 5789   0.711268 0.00270088   342179 6702.93
aux 10 984000 4211   0.997564 0   0 0
2 6   299893 6929.81   299893 6929.81   299893 6929.81   0 0   0 0   299893 6929.81   299893 6929.81   299893 6929.81   0 0   0 0   309821 6834.5   309821 6834.5   309821 6834.5   0 0   0 0   309821 6834.5   309821 6834.5   309821 6834.5   0 0   0 0
2 10   463853 9262.58   463853 9262.58   463853 9262.58   0 0   0 0   463853 9262.58   463853 9262.58   463853 9262.58   0 0   0 0   475651 9349.68   475651 9349.68   475651 9349.68   0 0   0 0   475651 9349.68   475651 9349.68   475651 9349.68   0 0   0 0
#--- Sun direction: 177 0 (0.99863 -0.052336 -0)
7 1 2 10000 0
2.31913e+06 0
1.56162e+06 9483.88
0.833185 0.00209487
336131 6623.1
34509.7 2806.01
0 0
0 0
target 2 420000   769282 10300.1   769282 10300.1   769282 10300.1   0 0   0 0   769282 10300.1   769282 10300.1   769282 10300.1   0 0   0 0   0.331712 0.00444138   792341 10283.9   792341 10283.9   792341 10283.9   0 0   0 0   792341 10283.9   792341 10283.9   792341 10283.9   0 0   0 0   0.341654 0.00443436
reflector 6 1.33513e+06 5781   0.712443 0.0026747   336131 6623.1
aux 10 984000 4219   0.99863 1.16977e-09   0 0
2 6   302618 6930.9   302618 6930.9   302618 6930.9   0 0   0 0   302618 6930.9   302618 6930.9   302618 6930.9   0 0   0 0   314792 6930.43   314792 6930.43   314792 6930.43   0 0   0 0   314792 6930.43   314792 6930.43   314792 6930.43   0 0   0 0
2 10   466664 9289.76   466664 9289.76   466664 9289.76   0 0   0 0   466664 9289.76   466664 9289.76   466664 9289.76   0 0   0 0   477549 9369.77   477549 9369.77   477549 9369.77   0 0   0 0   477549 9369.77   477549 9369.77   477549 9369.77   0 0   0 0
#--- Sun direction: 178 0 (0.999391 -0.0348995 -0)
7 1 2 10000 0
2.31913e+06 0
1.56415e+06 9479.4
0.834063 0.0020853
325881 6491.75
44272.6 3172.71
0 0
0 0
target 2 420000   768991 10284   768991 10284   768991 10284   0 0   0 0   768991 10284   768991 10284   768991 10284   0 0   0 0   0.331586 0.00443443   795154 10314.6   795154 10314.6   795154 10314.6   0 0   0 0   795154 10314.6   795154 10314.6   795154 10314.6   0 0   0 0   0.342868 0.00444762
reflector 6 1.33513e+06 5779   0.713306 0.0026538   325881 6491.75
aux 10 984000 4221   0.999391 0   0 0
2 6   304521 6926.14   304521 6926.14   304521 6926.14   0 0   0 0   304521 6926.14   304521 6926.14   304521 6926.14   0 0   0 0   318632 7001.52   318632 7001.52   318632 7001.52   0 0   0 0   318632 7001.52   318632 7001.52   318632 7001.52   0 0   0 0
2 10   464470 9277.81   464470 9277.81   464470 9277.81   0 0   0 0   464470 9277.81   464470 9277.81   464470 9277.81   0 0   0 0   476522 9366.8   476522 9366.8   476522 9366.8   0 0   0 0   476522 9366.8   476522 9366.8   476522 9366.8   0 0   0 0
#--- Sun direction: 179 0 (0.999848 -0.0174524 -0)
7 1 2 10000 0
2.31913e+06 0
1.58363e+06 9393.89
0.834241 0.00208361
318153 6392.93
32926.6 2743.45
0 0
0 0
target 2 420000   783870 10329.6   783870 10329.6   783870 10329.6   0 0   0 0   783870 10329.6   783870 10329.6   783870 10329.6   0 0   0 0   0.338002 0.00445408   799764 10340.5   799764 10340.5   799764 10340.5   0 0   0 0   799764 10340.5   799764 10340.5   799764 10340.5   0 0   0 0   0.344855 0.00445881
reflector 6 1.33513e+06 5780   0.713332 0.00264603   318153 6392.93
aux 10 984000 4220   0.999848 0   0 0
2 6   314086 7024.83   314086 7024.83   314086 7024.83   0 0   0 0   314086 7024.83   314086 7024.83   314086 7024.83   0 0   0 0   323256 7067.4   323256 7067.4   323256 7067.4   0 0   0 0   323256 7067.4   323256 7067.4   323256 7067.4   0 0   0 0
2 10   469784 9320.01   469784 9320.01   469784 9320.01   0 0   0 0   469784 9320.01   469784 9320.01   469784 9320.01   0 0   0 0   476508 9369.4   476508 9369.4   476508 9369.4   0 0   0 0   476508 9369.4   476508 9369.4   476508 9369.4   0 0   0 0
#--- Sun direction: 180 0 (1 -1.22465e-16 -0)
7 1 2 10000 0
2.31913e+06 0
1.56315e+06 9480.83
0.83484 0.00207837
310336 6300.75
62616.5 3758.92
0 0
0 0
target 2 420000   771401 10272.1   771401 10272.1   771401 10272.1   0 0   0 0   771401 10272.1   771401 10272.1   771401 10272.1   0 0   0 0   0.332625 0.00442927   791748 10321   791748 10321   791748 10321   0 0   0 0   791748 10321   791748 10321   791748 10321   0 0   0 0   0.341399 0.00445036
reflector 6 1.33513e+06 5783   0.714404 0.00263982   310336 6300.75
aux 10 984000 4217   1 0   0 0
2 6   311982 6981.58   311982 6981.58   311982 6981.58   0 0   0 0   311982 6981.58   311982 6981.58   311982 6981.58   0 0   0 0   318877 7026.77   318877 7026.77   318877 7026.77   0 0   0 0   318877 7026.77   318877 7026.77   318877 7026.77   0 0   0 0
2 10   459419 9243.3   459419 9243.3   459419 9243.3   0 0   0 0   459419 9243.3   459419 9243.3   459419 9243.3   0 0   0 0   472870 9343.67   472870 9343.67   472870 9343.67   0 0   0 0   472870 9343.67   472870 9343.67   472870 9343.67   0 0   0 0
#--- Sun direction: 181 0 (0.999848 0.0174524 -0)
7 1 2 10000 0
2.31913e+06 0
1.58686e+06 9387.76
0.835692 0.00207243
319678 6421.75
31535.3 2685.68
0 0
0 0
target 2 420000   785803 10317.5   785803 10317.5   785803 10317.5   0 0   0 0   785803 10317.5   785803 10317.5   785803 10317.5   0 0   0 0   0.338835 0.00444885   801060 10371.8   801060 10371.8   801060 10371.8   0 0   0 0   801060 10371.8   801060 10371.8   801060 10371.8   0 0   0 0   0.345414 0.0044723
reflector 6 1.33513e+06 5767   0.715201 0.00263946   319678 6421.75
aux 10 984000 4233   0.999848 0   0 0
2 6   313700 6991.97   313700 6991.97   313700 6991.97   0 0   0 0   313700 6991.97   313700 6991.97   313700 6991.97   0 0   0 0   322929 7102.73   322929 7102.73   322929 7102.73   0 0   0 0   322929 7102.73   322929 7102.73   322929 7102.73   0 0   0 0
2 10   472103 9337.13   472103 9337.13   472103 9337.13   0 0   0 0   472103 9337.13   472103 9337.13   472103 9337.13   0 0   0 0   478132 9381.2   478132 9381.2   478132 9381.2   0 0   0 0   478132 9381.2   478132 9381.2   478132 9381.2   0 0   0 0
#--- Sun direction: 182 0 (0.999391 0.0348995 -0)
7 1 2 10000 0
2.31913e+06 0
1.57711e+06 9425.14
0.836464 0.00206733
324749 6509.86
38013.9 2943.95
0 0
0 0
target 2 420000   779820 10277.3   779820 10277.3   779820 10277.3   0 0   0 0   779820 10277.3   779820 10277.3   779820 10277.3   0 0   0 0   0.336256 0.00443152   797286 10371.1   797286 10371.1   797286 10371.1   0 0   0 0   797286 10371.1   797286 10371.1   797286 10371.1   0 0   0 0   0.343787 0.00447197
reflector 6 1.33513e+06 5764   0.716729 0.00264426   324749 6509.86
aux 10 984000 4236   0.999391 0   0 0
2 6   310483 6929.3   310483 6929.3   310483 6929.3   0 0   0 0   310483 6929.3   310483 6929.3   310483 6929.3   0 0   0 0   317287 7057.49   317287 7057.49   317287 7057.49   0 0   0 0   317287 7057.49   317287 7057.49   317287 7057.49   0 0   0 0
2 10   469338 9314.04   469338 9314.04   469338 9314.04   0 0   0 0   469338 9314.04   469338 9314.04   469338 9314.04   0 0   0 0   479999 9392.03   479999 9392.03   479999 9392.03   0 0   0 0   479999 9392.03   479999 9392.03   479999 9392.03   0 0   0 0
#--- Sun direction: 183 0 (0.99863 0.052336 -0)
7 1 2 10000 0
2.31913e+06 0
1.57443e+06 9435.12
0.836465 0.00207087
333715 6632.22
31730.3 2692.27
0 0
0 0
target 2 420000   776148 10254.5   776148 10254.5   776148 10254.5   0 0   0 0   776148 10254.5   776148 10254.5   776148 10254.5   0 0   0 0   0.334672 0.0044217   798277 10381.9   798277 10381.9   798277 10381.9   0 0   0 0   798277 10381.9   798277 10381.9   798277 10381.9   0 0   0 0   0.344214 0.00447663
reflector 6 1.33513e+06 5756   0.716899 0.002663   333715 6632.22
aux 10 984000 4244   0.99863 1.14367e-09   0 0
2 6   303463 6834.79   303463 6834.79   303463 6834.79   0 0   0 0   303463 6834.79   303463 6834.79   303463 6834.79   0 0   0 0   318412 7087.66   318412 7087.66   318412 7087.66   0 0   0 0   318412 7087.66   318412 7087.66   318412 7087.66   0 0   0 0
2 10   472686 9334.26   472686 9334.26   472686 9334.26   0 0   0 0   472686 9334.26   472686 9334.26   472686 9334.26   0 0   0 0   479865 9386.55   479865 9386.55   479865 9386.55   0 0   0 0   479865 9386.55   479865 9386.55   479865 9386.55   0 0   0 0
#--- Sun direction: 184 0 (0.997564 0.0697565 -0)
7 1 2 10000 0
2.31913e+06 0
1.55183e+06 9534.4
0.834884 0.00208681
346193 6765.15
38183.6 2947.96
0 0
0 0
target 2 420000   768768 10217.8   768768 10217.8   768768 10217.8   0 0   0 0   768768 10217.8   768768 10217.8   768768 10217.8   0 0   0 0   0.33149 0.00440589   783058 10339.2   783058 10339.2   783058 10339.2   0 0   0 0   783058 10339.2   783058 10339.2   783058 10339.2   0 0   0 0   0.337652 0.00445822
reflector 6 1.33513e+06 5776   0.715915 0.00269293   346193 6765.15
aux 10 984000 4224   0.997564 0   0 0
2 6   300520 6793.02   300520 6793.02   300520 6793.02   0 0   0 0   300520 6793.02   300520 6793.02   300520 6793.02   0 0   0 0   307638 6983.19   307638 6983.19   307638 6983.19   0 0   0 0   307638 6983.19   307638 6983.19   307638 6983.19   0 0   0 0
2 10   468248 9295.3   468248 9295.3   468248 9295.3   0 0   0 0   468248 9295.3   468248 9295.3   468248 9295.3   0 0   0 0   475420 9348   475420 9348   475420 9348   0 0   0 0   475420 9348   475420 9348   475420 9348   0 0   0 0
#--- Sun direction: 185 0 (0.996195 0.0871557 -0)
7 1 2 10000 0
2.31913e+06 0
1.54502e+06 9541.84
0.833697 0.00209876
352150 6853.71
36282.2 2872.82
0 0
0 0
target 2 420000   766396 10183.7   766396 10183.7   766396 10183.7   0 0   0 0   766396 10183.7   766396 10183.7   766396 10183.7   0 0   0 0   0.330467 0.00439119   778622 10328.8   778622 10328.8   778622 10328.8   0 0   0 0   778622 10328.8   778622 10328.8   778622 10328.8   0 0   0 0   0.335739 0.00445375
reflector 6 1.33513e+06 5776   0.714862 0.00272303   352150 6853.71
aux 10 984000 4224   0.996195 0   0 0
2 6   296249 6711.95   296249 6711.95   296249 6711.95   0 0   0 0   296249 6711.95   296249 6711.95   296249 6711.95   0 0   0 0   306396 6987.38   306396 6987.38   306396 6987.38   0 0   0 0   306396 6987.38   306396 6987.38   306396 6987.38   0 0   0 0
2 10   470147 9301.31   470147 9301.31   470147 9301.31   0 0   0 0   470147 9301.31   470147 9301.31   470147 9301.31   0 0   0 0   472226 9316.59   472226 9316.59   472226 9316.59   0 0   0 0   472226 9316.59   472226 9316.59   472226 9316.59   0 0   0 0
#--- Sun direction: 186 0 (0.994522 0.104528 -0)
7 1 2 10000 0
2.31913e+06 0
1.53777e+06 9567.62
0.832472 0.00211654
358228 6927.28
34608.9 2804.54
0 0
0 0
target 2 420000   761834 10145.3   761834 10145.3   761834 10145.3   0 0   0 0   761834 10145.3   761834 10145.3   761834 10145.3   0 0   0 0   0.3285 0.00437463   775940 10336.3   775940 10336.3   775940 10336.3   0 0   0 0   775940 10336.3   775940 10336.3   775940 10336.3   0 0   0 0   0.334582 0.00445697
reflector 6 1.33513e+06 5775   0.713916 0.00276977   358228 6927.28
aux 10 984000 4225   0.994522 0   0 0
2 6   292937 6651.2   292937 6651.2   292937 6651.2   0 0   0 0   292937 6651.2   292937 6651.2   292937 6651.2   0 0   0 0   302661 6980.58   302661 6980.58   302661 6980.58   0 0   0 0   302661 6980.58   302661 6980.58   302661 6980.58   0 0   0 0
2 10   468896 9282.29   468896 9282.29   468896 9282.29   0 0   0 0   468896 9282.29   468896 9282.29   468896 9282.29   0 0   0 0   473278 9314.44   473278 9314.44   473278 9314.44   0 0   0 0   473278 9314.44   473278 9314.44   473278 9314.44   0 0   0 0
#--- Sun direction: 187 0 (0.992546 0.121869 -0)
7 1 2 10000 0
2.31913e+06 0
1.52119e+06 9607.7
0.830445 0.00213208
365562 7019.14
39158.9 2977.72
0 0
0 0
target 2 420000   749052 10077.4   749052 10077.4   749052 10077.4   0 0   0 0   749052 10077.4   749052 10077.4   749052 10077.4   0 0   0 0   0.322988 0.00434532   772138 10316.4   772138 10316.4   772138 10316.4   0 0   0 0   772138 10316.4   772138 10316.4   772138 10316.4   0 0   0 0   0.332943 0.00444841
reflector 6 1.33513e+06 5794   0.712773 0.00280338   365562 7019.14
aux 10 984000 4206   0.992546 2.10584e-09   0 0
2 6   286381 6554.4   286381 6554.4   286381 6554.4   0 0   0 0   286381 6554.4   286381 6554.4   286381 6554.4   0 0   0 0   302102 6980.49   302102 6980.49   302102 6980.49   0 0   0 0   302102 6980.49   302102 6980.49   302102 6980.49   0 0   0 0
2 10   462670 9224.59   462670 9224.59   462670 9224.59   0 0   0 0   462670 9224.59   462670 9224.59   462670 9224.59   0 0   0 0   470036 9279.09   470036 9279.09   470036 9279.09   0 0   0 0   470036 9279.09   470036 9279.09   470036 9279.09   0 0   0 0
#--- Sun direction: 188 0 (0.990268 0.139173 -0)
7 1 2 10000 0
2.31913e+06 0
1.51672e+06 9621.94
0.829088 0.00215387
374581 7125.36
31462.9 2669.58
0 0
0 0
target 2 420000   743326 10035.1   743326 10035.1   743326 10035.1   0 0   0 0   743326 10035.1   743326 10035.1   743326 10035.1   0 0   0 0   0.320519 0.0043271   773393 10337.1   773393 10337.1   773393 10337.1   0 0   0 0   773393 10337.1   773393 10337.1   773393 10337.1   0 0   0 0   0.333484 0.00445731
reflector 6 1.33513e+06 5799   0.712324 0.00286337   374581 7125.36
aux 10 984000 4201   0.990268 2.38368e-09   0 0
2 6   283555 6505.93   283555 6505.93   283555 6505.93   0 0   0 0   283555 6505.93   283555 6505.93   283555 6505.93   0 0   0 0   299842 6994.6   299842 6994.6   299842 6994.6   0 0   0 0   299842 6994.6   299842 6994.6   299842 6994.6   0 0   0 0
2 10   459771 9189.68   459771 9189.68   459771 9189.68   0 0   0 0   459771 9189.68   459771 9189.68   459771 9189.68   0 0   0 0   473551 9291.32   473551 9291.32   473551 9291.32   0 0   0 0   473551 9291.32   473551 9291.32   473551 9291.32   0 0   0 0
#--- Sun direction: 189 0 (0.987688 0.156434 -0)
7 1 2 10000 0
2.31913e+06 0
1.49724e+06 9677.72
0.827825 0.00217421
380384 7212.29
42209.4 3082.98
0 0
0 0
target 2 420000   731205 9967.96   731205 9967.96   731205 9967.96   0 0   0 0   731205 9967.96   731205 9967.96   731205 9967.96   0 0   0 0   0.315293 0.00429815   766034 10311.3   766034 10311.3   766034 10311.3   0 0   0 0   766034 10311.3   766034 10311.3   766034 10311.3   0 0   0 0   0.330311 0.00444621
reflector 6 1.33513e+06 5783   0.711251 0.00292619   380384 7212.29
aux 10 984000 4217   0.987688 9.32095e-10   0 0
2 6   275380 6390.05   275380 6390.05   275380 6390.05   0 0   0 0   275380 6390.05   275380 6390.05   275380 6390.05   0 0   0 0   293030 6933.44   293030 6933.44   293030 6933.44   0 0   0 0   293030 6933.44   293030 6933.44   293030 6933.44   0 0   0 0
2 10   455825 9145.08   455825 9145.08   455825 9145.08   0 0   0 0   455825 9145.08   455825 9145.08   455825 9145.08   0 0   0 0   473004 9272.1   473004 9272.1   473004 9272.1   0 0   0 0   473004 9272.1   473004 9272.1   473004 9272.1   0 0   0 0
#--- Sun direction: 190 0 (0.984808 0.173648 -0)
7 1 2 10000 0
2.31913e+06 0
1.49606e+06 9670.76
0.826033 0.00219893
388332 7308.87
31289.4 2654.86
0 0
0 0
target 2 420000   731335 9948.19   731335 9948.19   731335 9948.19   0 0   0 0   731335 9948.19   731335 9948.19   731335 9948.19   0 0   0 0   0.315349 0.00428962   764721 10315.6   764721 10315.6   764721 10315.6   0 0   0 0   764721 10315.6   764721 10315.6   764721 10315.6   0 0   0 0   0.329745 0.00444803
reflector 6 1.33513e+06 5774   0.709826 0.00299485   388332 7308.87
aux 10 984000 4226   0.984808 3.62431e-10   0 0
2 6   271130 6324.11   271130 6324.11   271130 6324.11   0 0   0 0   271130 6324.11   271130 6324.11   271130 6324.11   0 0   0 0   291041 6945.24   291041 6945.24   291041 6945.24   0 0   0 0   291041 6945.24   291041 6945.24   291041 6945.24   0 0   0 0
2 10   460205 9161.18   460205 9161.18   460205 9161.18   0 0   0 0   460205 9161.18   460205 9161.18   460205 9161.18   0 0   0 0   473680 9259.93   473680 9259.93   473680 9259.93   0 0   0 0   473680 9259.93   473680 9259.93   473680 9259.93   0 0   0 0
#--- Sun direction: 191 0 (0.981627 0.190809 -0)
7 1 2 10000 0
2.31913e+06 0
1.47452e+06 9698.69
0.821832 0.00223512
392622 7373.93
38790.3 2949.74
0 0
0 0
target 2 420000   727470 9901.37   727470 9901.37   727470 9901.37   0 0   0 0   727470 9901.37   727470 9901.37   727470 9901.37   0 0   0 0   0.313682 0.00426943   747051 10233.2   747051 10233.2   747051 10233.2   0 0   0 0   747051 10233.2   747051 10233.2   747051 10233.2   0 0   0 0   0.322126 0.00441253
reflector 6 1.33513e+06 5799   0.70607 0.00305861   392622 7373.93
aux 10 984000 4201   0.981627 2.22899e-09   0 0
2 6   269890 6285.31   269890 6285.31   269890 6285.31   0 0   0 0   269890 6285.31   269890 6285.31   269890 6285.31   0 0   0 0   282186 6836.46   282186 6836.46   282186 6836.46   0 0   0 0   282186 6836.46   282186 6836.46   282186 6836.46   0 0   0 0
2 10   457581 9123.11   457581 9123.11   457581 9123.11   0 0   0 0   457581 9123.11   457581 9123.11   457581 9123.11   0 0   0 0   464865 9177.01   464865 9177.01   464865 9177.01   0 0   0 0   464865 9177.01   464865 9177.01   464865 9177.01   0 0   0 0
#--- Sun direction: 192 0 (0.978148 0.207912 -0)
7 1 2 10000 0
2.31913e+06 0
1.47189e+06 9684.42
0.819051 0.00226802
399015 7458.67
28582.5 2530.24
0 0
0 0
target 2 420000   722172 9850.72   722172 9850.72   722172 9850.72   0 0   0 0   722172 9850.72   722172 9850.72   722172 9850.72   0 0   0 0   0.311398 0.00424759   749717 10248.7   749717 10248.7   749717 10248.7   0 0   0 0   749717 10248.7   749717 10248.7   749717 10248.7   0 0   0 0   0.323275 0.00441921
reflector 6 1.33513e+06 5800   0.703844 0.00313726   399015 7458.67
aux 10 984000 4200   0.978148 2.46572e-09   0 0
2 6   265986 6215.43   265986 6215.43   265986 6215.43   0 0   0 0   265986 6215.43   265986 6215.43   265986 6215.43   0 0   0 0   281735 6866.36   281735 6866.36   281735 6866.36   0 0   0 0   281735 6866.36   281735 6866.36   281735 6866.36   0 0   0 0
2 10   456185 9092.46   456185 9092.46   456185 9092.46   0 0   0 0   456185 9092.46   456185 9092.46   456185 9092.46   0 0   0 0   467981 9179.25   467981 9179.25   467981 9179.25   0 0   0 0   467981 9179.25   467981 9179.25   467981 9179.25   0 0   0 0
#--- Sun direction: 193 0 (0.97437 0.224951 -0)
7 1 2 10000 0
2.31913e+06 0
1.4574e+06 9705.66
0.815903 0.0023081
401059 7507.84
33728.8 2742.57
0 0
0 0
target 2 420000   717422 9806   717422 9806   717422 9806   0 0   0 0   717422 9806   717422 9806   717422 9806   0 0   0 0   0.30935 0.00422831   739973 10208.7   739973 10208.7   739973 10208.7   0 0   0 0   739973 10208.7   739973 10208.7   739973 10208.7   0 0   0 0   0.319074 0.00440194
reflector 6 1.33513e+06 5784   0.700395 0.00323305   401059 7507.84
aux 10 984000 4216   0.97437 0   0 0
2 6   260513 6131.32   260513 6131.32   260513 6131.32   0 0   0 0   260513 6131.32   260513 6131.32   260513 6131.32   0 0   0 0   275607 6815.03   275607 6815.03   275607 6815.03   0 0   0 0   275607 6815.03   275607 6815.03   275607 6815.03   0 0   0 0
2 10   456909 9075.83   456909 9075.83   456909 9075.83   0 0   0 0   456909 9075.83   456909 9075.83   456909 9075.83   0 0   0 0   464366 9130.65   464366 9130.65   464366 9130.65   0 0   0 0   464366 9130.65   464366 9130.65   464366 9130.65   0 0   0 0
#--- Sun direction: 194 0 (0.970296 0.241922 -0)
7 1 2 10000 0
2.31913e+06 0
1.44825e+06 9708.75
0.812603 0.0023453
407703 7594.3
28578.1 2519.74
0 0
0 0
target 2 420000   710639 9753.77   710639 9753.77   710639 9753.77   0 0   0 0   710639 9753.77   710639 9753.77   710639 9753.77   0 0   0 0   0.306425 0.00420579   737611 10196   737611 10196   737611 10196   0 0   0 0   737611 10196   737611 10196   737611 10196   0 0   0 0   0.318055 0.00439649
reflector 6 1.33513e+06 5780   0.697471 0.00332112   407703 7594.3
aux 10 984000 4220   0.970296 1.89849e-09   0 0
2 6   254065 6036.7   254065 6036.7   254065 6036.7   0 0   0 0   254065 6036.7   254065 6036.7   254065 6036.7   0 0   0 0   273161 6811.15   273161 6811.15   273161 6811.15   0 0   0 0   273161 6811.15   273161 6811.15   273161 6811.15   0 0   0 0
2 10   456574 9049.54   456574 9049.54   456574 9049.54   0 0   0 0   456574 9049.54   456574 9049.54   456574 9049.54   0 0   0 0   464450 9107.2   464450 9107.2   464450 9107.2   0 0   0 0   464450 9107.2   464450 9107.2   464450 9107.2   0 0   0 0
#--- Sun direction: 195 0 (0.965926 0.258819 -0)
7 1 2 10000 0
2.31913e+06 0
1.43396e+06 9711.51
0.808567 0.00238479
411628 7661.77
29585.2 2558.03
0 0
0 0
target 2 420000   704098 9696   704098 9696   704098 9696   0 0   0 0   704098 9696   704098 9696   704098 9696   0 0   0 0   0.303605 0.00418088   729860 10152.8   729860 10152.8   729860 10152.8   0 0   0 0   729860 10152.8   729860 10152.8   729860 10152.8   0 0   0 0   0.314713 0.00437786
reflector 6 1.33513e+06 5785   0.693914 0.0034063   411628 7661.77
aux 10 984000 4215   0.965926 0   0 0
2 6   249357 5958.44   249357 5958.44   249357 5958.44   0 0   0 0   249357 5958.44   249357 5958.44   249357 5958.44   0 0   0 0   269518 6779.66   269518 6779.66   269518 6779.66   0 0   0 0   269518 6779.66   269518 6779.66   269518 6779.66   0 0   0 0
2 10   454742 9010.44   454742 9010.44   454742 9010.44   0 0   0 0   454742 9010.44   454742 9010.44   454742 9010.44   0 0   0 0   460342 9051.52   460342 9051.52   460342 9051.52   0 0   0 0   460342 9051.52   460342 9051.52   460342 9051.52   0 0   0 0
#--- Sun direction: 196 0 (0.961262 0.275637 -0)
7 1 2 10000 0
2.31913e+06 0
1.42268e+06 9712.96
0.804611 0.00242641
414561 7714.87
28757.8 2515.6
0 0
0 0
target 2 420000   699002 9647.57   699002 9647.57   699002 9647.57   0 0   0 0   699002 9647.57   699002 9647.57   699002 9647.57   0 0   0 0   0.301407 0.00416   723677 10121.1   723677 10121.1   723677 10121.1   0 0   0 0   723677 10121.1   723677 10121.1   723677 10121.1   0 0   0 0   0.312047 0.00436418
reflector 6 1.33513e+06 5775   0.690005 0.00350287   414561 7714.87
aux 10 984000 4225   0.961262 0   0 0
2 6   243112 5864.69   243112 5864.69   243112 5864.69   0 0   0 0   243112 5864.69   243112 5864.69   243112 5864.69   0 0   0 0   266449 6765.97   266449 6765.97   266449 6765.97   0 0   0 0   266449 6765.97   266449 6765.97   266449 6765.97   0 0   0 0
2 10   455890 8991.52   455890 8991.52   455890 8991.52   0 0   0 0   455890 8991.52   455890 8991.52   455890 8991.52   0 0   0 0   457227 9001.31   457227 9001.31   457227 9001.31   0 0   0 0   457227 9001.31   457227 9001.31   457227 9001.31   0 0   0 0
#--- Sun direction: 197 0 (0.956305 0.292372 -0)
7 1 2 10000 0
2.31913e+06 0
1.4108e+06 9716.95
0.802007 0.00245715
420326 7803.85
28831.3 2512.18
0 0
0 0
target 2 420000   689911 9584.79   689911 9584.79   689911 9584.79   0 0   0 0   689911 9584.79   689911 9584.79   689911 9584.79   0 0   0 0   0.297487 0.00413293   720890 10100.5   720890 10100.5   720890 10100.5   0 0   0 0   720890 10100.5   720890 10100.5   720890 10100.5   0 0   0 0   0.310845 0.00435532
reflector 6 1.33513e+06 5756   0.688241 0.00359512   420326 7803.85
aux 10 984000 4244   0.956305 0   0 0
2 6   236816 5776.72   236816 5776.72   236816 5776.72   0 0   0 0   236816 5776.72   236816 5776.72   236816 5776.72   0 0   0 0   261585 6729.2   261585 6729.2   261585 6729.2   0 0   0 0   261585 6729.2   261585 6729.2   261585 6729.2   0 0   0 0
2 10   453095 8941.91   453095 8941.91   453095 8941.91   0 0   0 0   453095 8941.91   453095 8941.91   453095 8941.91   0 0   0 0   459305 8987.12   459305 8987.12   459305 8987.12   0 0   0 0   459305 8987.12   459305 8987.12   459305 8987.12   0 0   0 0
#--- Sun direction: 198 0 (0.951057 0.309017 -0)
7 1 2 10000 0
2.31913e+06 0
1.39437e+06 9724.64
0.79723 0.00250012
425618 7872.15
28893.7 2507.86
0 0
0 0
target 2 420000   681108 9515.98   681108 9515.98   681108 9515.98   0 0   0 0   681108 9515.98   681108 9515.98   681108 9515.98   0 0   0 0   0.293691 0.00410326   713260 10058.6   713260 10058.6   713260 10058.6   0 0   0 0   713260 10058.6   713260 10058.6   713260 10058.6   0 0   0 0   0.307555 0.00433724
reflector 6 1.33513e+06 5770   0.684459 0.00368295   425618 7872.15
aux 10 984000 4230   0.951057 2.1061e-09   0 0
2 6   231602 5695.33   231602 5695.33   231602 5695.33   0 0   0 0   231602 5695.33   231602 5695.33   231602 5695.33   0 0   0 0   258681 6715.32   258681 6715.32   258681 6715.32   0 0   0 0   258681 6715.32   258681 6715.32   258681 6715.32   0 0   0 0
2 10   449506 8884.73   449506 8884.73   449506 8884.73   0 0   0 0   449506 8884.73   449506 8884.73   449506 8884.73   0 0   0 0   454579 8921.81   454579 8921.81   454579 8921.81   0 0   0 0   454579 8921.81   454579 8921.81   454579 8921.81   0 0   0 0
#--- Sun direction: 199 0 (0.945519 0.325568 -0)
7 1 2 10000 0
2.31913e+06 0
1.38066e+06 9721.21
0.792798 0.00254115
428557 7927.3
29383.2 2521.26
0 0
0 0
target 2 420000   674595 9461.71   674595 9461.71   674595 9461.71   0 0   0 0   674595 9461.71   674595 9461.71   674595 9461.71   0 0   0 0   0.290883 0.00407986   706065 10012   706065 10012   706065 10012   0 0   0 0   706065 10012   706065 10012   706065 10012   0 0   0 0   0.304453 0.00431712
reflector 6 1.33513e+06 5756   0.680194 0.0037815   428557 7927.3
aux 10 984000 4244   0.945519 2.05861e-09   0 0
2 6   223102 5572.43   223102 5572.43   223102 5572.43   0 0   0 0   223102 5572.43   223102 5572.43   223102 5572.43   0 0   0 0   256326 6701.05   256326 6701.05   256326 6701.05   0 0   0 0   256326 6701.05   256326 6701.05   256326 6701.05   0 0   0 0
2 10   451493 8866.67   451493 8866.67   451493 8866.67   0 0   0 0   451493 8866.67   451493 8866.67   451493 8866.67   0 0   0 0   449739 8853.89   449739 8853.89   449739 8853.89   0 0   0 0   449739 8853.89   449739 8853.89   449739 8853.89   0 0   0 0
#--- Sun direction: 200 0 (0.939693 0.34202 -0)
7 1 2 10000 0
2.31913e+06 0
1.36303e+06 9728.45
0.786814 0.00259465
433343 7986.33
28344.5 2469.8
0 0
0 0
target 2 420000   665171 9389.53   665171 9389.53   665171 9389.53   0 0   0 0   665171 9389.53   665171 9389.53   665171 9389.53   0 0   0 0   0.28682 0.00404873   697863 9965.91   697863 9965.91   697863 9965.91   0 0   0 0   697863 9965.91   697863 9965.91   697863 9965.91   0 0   0 0   0.300916 0.00429727
reflector 6 1.33513e+06 5764   0.674462 0.00388503   433343 7986.33
aux 10 984000 4236   0.939693 0   0 0
2 6   216460 5471.45   216460 5471.45   216460 5471.45   0 0   0 0   216460 5471.45   216460 5471.45   216460 5471.45   0 0   0 0   251549 6665.52   251549 6665.52   251549 6665.52   0 0   0 0   251549 6665.52   251549 6665.52   251549 6665.52   0 0   0 0
2 10   448711 8812.04   448711 8812.04   448711 8812.04   0 0   0 0   448711 8812.04   448711 8812.04   448711 8812.04   0 0   0 0   446314 8794.55   446314 8794.55   446314 8794.55   0 0   0 0   446314 8794.55   446314 8794.55   446314 8794.55   0 0   0 0
#--- Sun direction: 201 0 (0.93358 0.358368 -0)
7 1 2 10000 0
2.31913e+06 0
1.3507e+06 9712.66
0.782497 0.00263095
435646 8040.59
28362.7 2461.78
0 0
0 0
target 2 420000   659420 9333.41   659420 9333.41   659420 9333.41   0 0   0 0   659420 9333.41   659420 9333.41   659420 9333.41   0 0   0 0   0.284339 0.00402453   691282 9919.28   691282 9919.28   691282 9919.28   0 0   0 0   691282 9919.28   691282 9919.28   691282 9919.28   0 0   0 0   0.298078 0.00427716
reflector 6 1.33513e+06 5764   0.671464 0.00397304   435646 8040.59
aux 10 984000 4236   0.93358 1.27474e-09   0 0
2 6   212544 5415.33   212544 5415.33   212544 5415.33   0 0   0 0   212544 5415.33   212544 5415.33   212544 5415.33   0 0   0 0   249386 6654.72   249386 6654.72   249386 6654.72   0 0   0 0   249386 6654.72   249386 6654.72   249386 6654.72   0 0   0 0
2 10   446875 8762.59   446875 8762.59   446875 8762.59   0 0   0 0   446875 8762.59   446875 8762.59   446875 8762.59   0 0   0 0   441896 8726.24   441896 8726.24   441896 8726.24   0 0   0 0   441896 8726.24   441896 8726.24   441896 8726.24   0 0   0 0
#--- Sun direction: 202 0 (0.927184 0.374607 -0)
7 1 2 10000 0
2.31913e+06 0
1.3312e+06 9721.44
0.777037 0.00268024
437869 8085.48
32983.4 2646.33
0 0
0 0
target 2 420000   647560 9253.11   647560 9253.11   647560 9253.11   0 0   0 0   647560 9253.11   647560 9253.11   647560 9253.11   0 0   0 0   0.279226 0.00398991   683636 9870.44   683636 9870.44   683636 9870.44   0 0   0 0   683636 9870.44   683636 9870.44   683636 9870.44   0 0   0 0   0.294782 0.0042561
reflector 6 1.33513e+06 5769   0.666919 0.00407637   437869 8085.48
aux 10 984000 4231   0.927184 0   0 0
2 6   205252 5313.46   205252 5313.46   205252 5313.46   0 0   0 0   205252 5313.46   205252 5313.46   205252 5313.46   0 0   0 0   247994 6658.6   247994 6658.6   247994 6658.6   0 0   0 0   247994 6658.6   247994 6658.6   247994 6658.6   0 0   0 0
2 10   442308 8691.61   442308 8691.61   442308 8691.61   0 0   0 0   442308 8691.61   442308 8691.61   442308 8691.61   0 0   0 0   435642 8642.68   435642 8642.68   435642 8642.68   0 0   0 0   435642 8642.68   435642 8642.68   435642 8642.68   0 0   0 0
#--- Sun direction: 203 0 (0.920505 0.390731 -0)
7 1 2 10000 0
2.31913e+06 0
1.31195e+06 9720.93
0.771552 0.0027275
447457 8195.14
29918.2 2508.12
0 0
0 0
target 2 420000   632431 9152.02   632431 9152.02   632431 9152.02   0 0   0 0   632431 9152.02   632431 9152.02   632431 9152.02   0 0   0 0   0.272702 0.00394632   679523 9832.96   679523 9832.96   679523 9832.96   0 0   0 0   679523 9832.96   679523 9832.96   679523 9832.96   0 0   0 0   0.293008 0.00423994
reflector 6 1.33513e+06 5783   0.662935 0.00417215   447457 8195.14
aux 10 984000 4217   0.920505 2.37915e-09   0 0
2 6   197792 5201.81   197792 5201.81   197792 5201.81   0 0   0 0   197792 5201.81   197792 5201.81   197792 5201.81   0 0   0 0   243816 6626.03   243816 6626.03   243816 6626.03   0 0   0 0   243816 6626.03   243816 6626.03   243816 6626.03   0 0   0 0
2 10   434639 8596.18   434639 8596.18   434639 8596.18   0 0   0 0   434639 8596.18   434639 8596.18   434639 8596.18   0 0   0 0   435706 8604.03   435706 8604.03   435706 8604.03   0 0   0 0   435706 8604.03   435706 8604.03   435706 8604.03   0 0   0 0
#--- Sun direction: 204 0 (0.913545 0.406737 -0)
7 1 2 10000 0
2.31913e+06 0
1.29557e+06 9714.33
0.765295 0.00278089
448726 8234.01
30519.8 2518.76
0 0
0 0
target 2 420000   623941 9084.07   623941 9084.07   623941 9084.07   0 0   0 0   623941 9084.07   623941 9084.07   623941 9084.07   0 0   0 0   0.269041 0.00391702   671631 9780.56   671631 9780.56   671631 9780.56   0 0   0 0   671631 9780.56   671631 9780.56   671631 9780.56   0 0   0 0   0.289605 0.00421734
reflector 6 1.33513e+06 5775   0.656835 0.00428565   448726 8234.01
aux 10 984000 4225   0.913545 0   0 0
2 6   192164 5126.45   192164 5126.45   192164 5126.45   0 0   0 0   192164 5126.45   192164 5126.45   192164 5126.45   0 0   0 0   238159 6577.21   238159 6577.21   238159 6577.21   0 0   0 0   238159 6577.21   238159 6577.21   238159 6577.21   0 0   0 0
2 10   431777 8534.31   431777 8534.31   431777 8534.31   0 0   0 0   431777 8534.31   431777 8534.31   431777 8534.31   0 0   0 0   433472 8546.74   433472 8546.74   433472 8546.74   0 0   0 0   433472 8546.74   433472 8546.74   433472 8546.74   0 0   0 0
#--- Sun direction: 205 0 (0.906308 0.422618 -0)
7 1 2 10000 0
2.31913e+06 0
1.28431e+06 9693.91
0.760454 0.00280932
451075 8268.9
28208.9 2399
0 0
0 0
target 2 420000   616717 9020.36   616717 9020.36   616717 9020.36   0 0   0 0   616717 9020.36   616717 9020.36   616717 9020.36   0 0   0 0   0.265926 0.00388955   667589 9744.11   667589 9744.11   667589 9744.11   0 0   0 0   667589 9744.11   667589 9744.11   667589 9744.11   0 0   0 0   0.287862 0.00420163
reflector 6 1.33513e+06 5752   0.652737 0.00437099   451075 8268.9
aux 10 984000 4248   0.906308 3.95994e-10   0 0
2 6   185839 5038.19   185839 5038.19   185839 5038.19   0 0   0 0   185839 5038.19   185839 5038.19   185839 5038.19   0 0   0 0   233348 6542.12   233348 6542.12   233348 6542.12   0 0   0 0   233348 6542.12   233348 6542.12   233348 6542.12   0 0   0 0
2 10   430878 8485.18   430878 8485.18   430878 8485.18   0 0   0 0   430878 8485.18   430878 8485.18   430878 8485.18   0 0   0 0   434241 8509.65   434241 8509.65   434241 8509.65   0 0   0 0   434241 8509.65   434241 8509.65   434241 8509.65   0 0   0 0
#--- Sun direction: 206 0 (0.898794 0.438371 -0)
7 1 2 10000 0
2.31913e+06 0
1.26505e+06 9681.4
0.754686 0.00284503
456145 8331.45
29021.1 2406.28
0 0
0 0
target 2 420000   606092 8934.61   606092 8934.61   606092 8934.61   0 0   0 0   606092 8934.61   606092 8934.61   606092 8934.61   0 0   0 0   0.261345 0.00385257   658955 9683.99   658955 9683.99   658955 9683.99   0 0   0 0   658955 9683.99   658955 9683.99   658955 9683.99   0 0   0 0   0.284139 0.0041757
reflector 6 1.33513e+06 5753   0.648301 0.00445241   456145 8331.45
aux 10 984000 4247   0.898794 1.55081e-09   0 0
2 6   178160 4918.23   178160 4918.23   178160 4918.23   0 0   0 0   178160 4918.23   178160 4918.23   178160 4918.23   0 0   0 0   229774 6516.35   229774 6516.35   229774 6516.35   0 0   0 0   229774 6516.35   229774 6516.35   229774 6516.35   0 0   0 0
2 10   427931 8419.4   427931 8419.4   427931 8419.4   0 0   0 0   427931 8419.4   427931 8419.4   427931 8419.4   0 0   0 0   429182 8428.51   429182 8428.51   429182 8428.51   0 0   0 0   429182 8428.51   429182 8428.51   429182 8428.51   0 0   0 0
#--- Sun direction: 207 0 (0.891007 0.45399 -0)
7 1 2 10000 0
2.31913e+06 0
1.24322e+06 9677.64
0.747739 0.00288418
460836 8371.71
30044.2 2412.77
0 0
0 0
target 2 420000   600008 8878.91   600008 8878.91   600008 8878.91   0 0   0 0   600008 8878.91   600008 8878.91   600008 8878.91   0 0   0 0   0.258721 0.00382855   643216 9592.11   643216 9592.11   643216 9592.11   0 0   0 0   643216 9592.11   643216 9592.11   643216 9592.11   0 0   0 0   0.277352 0.00413608
reflector 6 1.33513e+06 5748   0.641759 0.00453672   460836 8371.71
aux 10 984000 4252   0.891007 2.25066e-09   0 0
2 6   170825 4820.1   170825 4820.1   170825 4820.1   0 0   0 0   170825 4820.1   170825 4820.1   170825 4820.1   0 0   0 0   222298 6439.16   222298 6439.16   222298 6439.16   0 0   0 0   222298 6439.16   222298 6439.16   222298 6439.16   0 0   0 0
2 10   429183 8382.41   429183 8382.41   429183 8382.41   0 0   0 0   429183 8382.41   429183 8382.41   429183 8382.41   0 0   0 0   420917 8322.23   420917 8322.23   420917 8322.23   0 0   0 0   420917 8322.23   420917 8322.23   420917 8322.23   0 0   0 0
#--- Sun direction: 208 0 (0.882948 0.469472 -0)
7 1 2 10000 0
2.31913e+06 0
1.23427e+06 9642.57
0.742651 0.00290197
458469 8365.02
29564.3 2350.5
0 0
0 0
target 2 420000   594256 8823.27   594256 8823.27   594256 8823.27   0 0   0 0   594256 8823.27   594256 8823.27   594256 8823.27   0 0   0 0   0.256241 0.00380456   640015 9549.64   640015 9549.64   640015 9549.64   0 0   0 0   640015 9549.64   640015 9549.64   640015 9549.64   0 0   0 0   0.275972 0.00411777
reflector 6 1.33513e+06 5705   0.637029 0.00461755   458469 8365.02
aux 10 984000 4295   0.882948 0   0 0
2 6   162402 4700.77   162402 4700.77   162402 4700.77   0 0   0 0   162402 4700.77   162402 4700.77   162402 4700.77   0 0   0 0   219628 6422.82   219628 6422.82   219628 6422.82   0 0   0 0   219628 6422.82   219628 6422.82   219628 6422.82   0 0   0 0
2 10   431853 8353.42   431853 8353.42   431853 8353.42   0 0   0 0   431853 8353.42   431853 8353.42   431853 8353.42   0 0   0 0   420386 8270.96   420386 8270.96   420386 8270.96   0 0   0 0   420386 8270.96   420386 8270.96   420386 8270.96   0 0   0 0
#--- Sun direction: 209 0 (0.87462 0.48481 -0)
7 1 2 10000 0
2.31913e+06 0
1.22152e+06 9606.74
0.737425 0.00291462
459321 8378.53
29345.1 2297.53
0 0
0 0
target 2 420000   579573 8716.54   579573 8716.54   579573 8716.54   0 0   0 0   579573 8716.54   579573 8716.54   579573 8716.54   0 0   0 0   0.24991 0.00375854   641945 9524.81   641945 9524.81   641945 9524.81   0 0   0 0   641945 9524.81   641945 9524.81   641945 9524.81   0 0   0 0   0.276804 0.00410706
reflector 6 1.33513e+06 5699   0.633885 0.00466713   459321 8378.53
aux 10 984000 4301   0.87462 0   0 0
2 6   155849 4603.64   155849 4603.64   155849 4603.64   0 0   0 0   155849 4603.64   155849 4603.64   155849 4603.64   0 0   0 0   219438 6435.57   219438 6435.57   219438 6435.57   0 0   0 0   219438 6435.57   219438 6435.57   219438 6435.57   0 0   0 0
2 10   423724 8245.73   423724 8245.73   423724 8245.73   0 0   0 0   423724 8245.73   423724 8245.73   423724 8245.73   0 0   0 0   422507 8237   422507 8237   422507 8237   0 0   0 0   422507 8237   422507 8237   422507 8237   0 0   0 0
#--- Sun direction: 210 0 (0.866025 0.5 -0)
7 1 2 10000 0
2.31913e+06 0
1.20748e+06 9573.18
0.732535 0.00292249
461416 8399.55
29942 2272.16
0 0
0 0
target 2 420000   572825 8646.08   572825 8646.08   572825 8646.08   0 0   0 0   572825 8646.08   572825 8646.08   572825 8646.08   0 0   0 0   0.247 0.00372816   634659 9465.77   634659 9465.77   634659 9465.77   0 0   0 0   634659 9465.77   634659 9465.77   634659 9465.77   0 0   0 0   0.273663 0.00408161
reflector 6 1.33513e+06 5684   0.631172 0.00471677   461416 8399.55
aux 10 984000 4316   0.866025 1.56324e-09   0 0
2 6   150654 4528.57   150654 4528.57   150654 4528.57   0 0   0 0   150654 4528.57   150654 4528.57   150654 4528.57   0 0   0 0   215702 6409.59   215702 6409.59   215702 6409.59   0 0   0 0   215702 6409.59   215702 6409.59   215702 6409.59   0 0   0 0
2 10   422171 8183.34   422171 8183.34   422171 8183.34   0 0   0 0   422171 8183.34   422171 8183.34   422171 8183.34   0 0   0 0   418957 8160.39   418957 8160.39   418957 8160.39   0 0   0 0   418957 8160.39   418957 8160.39   418957 8160.39   0 0   0 0
#--- Sun direction: 211 0 (0.857167 0.515038 -0)
7 1 2 10000 0
2.31913e+06 0
1.18397e+06 9544.88
0.726281 0.0029305
468725 8443.32
31646.1 2290.3
0 0
0 0
target 2 420000   558280 8526.58   558280 8526.58   558280 8526.58   0 0   0 0   558280 8526.58   558280 8526.58   558280 8526.58   0 0   0 0   0.240728 0.00367663   625689 9394.89   625689 9394.89   625689 9394.89   0 0   0 0   625689 9394.89   625689 9394.89   625689 9394.89   0 0   0 0   0.269795 0.00405104
reflector 6 1.33513e+06 5731   0.628784 0.00471824   468725 8443.32
aux 10 984000 4269   0.857167 1.71428e-09   0 0
2 6   146788 4462.72   146788 4462.72   146788 4462.72   0 0   0 0   146788 4462.72   146788 4462.72   146788 4462.72   0 0   0 0   214794 6412.33   214794 6412.33   214794 6412.33   0 0   0 0   214794 6412.33   214794 6412.33   214794 6412.33   0 0   0 0
2 10   411491 8054.01   411491 8054.01   411491 8054.01   0 0   0 0   411491 8054.01   411491 8054.01   411491 8054.01   0 0   0 0   410895 8049.7   410895 8049.7   410895 8049.7   0 0   0 0   410895 8049.7   410895 8049.7   410895 8049.7   0 0   0 0
#--- Sun direction: 212 0 (0.848048 0.529919 -0)
7 1 2 10000 0
2.31913e+06 0
1.17035e+06 9499.32
0.721561 0.00293298
470143 8464.79
32897 2284.05
0 0
0 0
target 2 420000   549095 8440.33   549095 8440.33   549095 8440.33   0 0   0 0   549095 8440.33   549095 8440.33   549095 8440.33   0 0   0 0   0.236768 0.00363944   621257 9339.36   621257 9339.36   621257 9339.36   0 0   0 0   621257 9339.36   621257 9339.36   621257 9339.36   0 0   0 0   0.267884 0.0040271
reflector 6 1.33513e+06 5721   0.626955 0.00475677   470143 8464.79
aux 10 984000 4279   0.848048 0   0 0
2 6   141391 4382.48   141391 4382.48   141391 4382.48   0 0   0 0   141391 4382.48   141391 4382.48   141391 4382.48   0 0   0 0   213553 6408.96   213553 6408.96   213553 6408.96   0 0   0 0   213553 6408.96   213553 6408.96   213553 6408.96   0 0   0 0
2 10   407704 7972.59   407704 7972.59   407704 7972.59   0 0   0 0   407704 7972.59   407704 7972.59   407704 7972.59   0 0   0 0   407704 7972.59   407704 7972.59   407704 7972.59   0 0   0 0   407704 7972.59   407704 7972.59   407704 7972.59   0 0   0 0
#--- Sun direction: 213 0 (0.838671 0.544639 -0)
7 1 2 10000 0
2.31913e+06 0
1.15281e+06 9470.27
0.715624 0.00294294
473521 8480.63
33289.4 2231.26
0 0
0 0
target 2 420000   538480 8355   538480 8355   538480 8355   0 0   0 0   538480 8355   538480 8355   538480 8355   0 0   0 0   0.232191 0.00360265   614334 9275.85   614334 9275.85   614334 9275.85   0 0   0 0   614334 9275.85   614334 9275.85   614334 9275.85   0 0   0 0   0.264899 0.00399971
reflector 6 1.33513e+06 5704   0.622951 0.0048078   473521 8480.63
aux 10 984000 4296   0.838671 0   0 0
2 6   133145 4265.25   133145 4265.25   133145 4265.25   0 0   0 0   133145 4265.25   133145 4265.25   133145 4265.25   0 0   0 0   208999 6370.01   208999 6370.01   208999 6370.01   0 0   0 0   208999 6370.01   208999 6370.01   208999 6370.01   0 0   0 0
2 10   405335 7899.84   405335 7899.84   405335 7899.84   0 0   0 0   405335 7899.84   405335 7899.84   405335 7899.84   0 0   0 0   405335 7899.84   405335 7899.84   405335 7899.84   0 0   0 0   405335 7899.84   405335 7899.84   405335 7899.84   0 0   0 0
#--- Sun direction: 214 0 (0.829038 0.559193 -0)
7 1 2 10000 0
2.31913e+06 0
1.14169e+06 9428.18
0.71137 0.00293611
473466 8475.37
34598 2220.31
0 0
0 0
target 2 420000   531997 8287.77   531997 8287.77   531997 8287.77   0 0   0 0   531997 8287.77   531997 8287.77   531997 8287.77   0 0   0 0   0.229395 0.00357366   609697 9223.61   609697 9223.61   609697 9223.61   0 0   0 0   609697 9223.61   609697 9223.61   609697 9223.61   0 0   0 0   0.262899 0.00397719
reflector 6 1.33513e+06 5681   0.621913 0.00484249   473466 8475.37
aux 10 984000 4319   0.829038 1.86975e-09   0 0
2 6   125742 4159.29   125742 4159.29   125742 4159.29   0 0   0 0   125742 4159.29   125742 4159.29   125742 4159.29   0 0   0 0   210172 6404.39   210172 6404.39   210172 6404.39   0 0   0 0   210172 6404.39   210172 6404.39   210172 6404.39   0 0   0 0
2 10   406255 7848.83   406255 7848.83   406255 7848.83   0 0   0 0   406255 7848.83   406255 7848.83   406255 7848.83   0 0   0 0   399526 7800.8   399526 7800.8   399526 7800.8   0 0   0 0   399526 7800.8   399526 7800.8   399526 7800.8   0 0   0 0
#--- Sun direction: 215 0 (0.819152 0.573576 -0)
7 1 2 10000 0
2.31913e+06 0
1.12089e+06 9389.46
0.706447 0.00292813
482444 8519.47
35010.8 2179.55
0 0
0 0
target 2 420000   521625 8191.49   521625 8191.49   521625 8191.49   0 0   0 0   521625 8191.49   521625 8191.49   521625 8191.49   0 0   0 0   0.224923 0.00353214   599263 9142.18   599263 9142.18   599263 9142.18   0 0   0 0   599263 9142.18   599263 9142.18   599263 9142.18   0 0   0 0   0.2584 0.00394208
reflector 6 1.33513e+06 5701   0.621459 0.00484078   482444 8519.47
aux 10 984000 4299   0.819152 0   0 0
2 6   120404 4079.13   120404 4079.13   120404 4079.13   0 0   0 0   120404 4079.13   120404 4079.13   120404 4079.13   0 0   0 0   207350 6382.74   207350 6382.74   207350 6382.74   0 0   0 0   207350 6382.74   207350 6382.74   207350 6382.74   0 0   0 0
2 10   401221 7753.89   401221 7753.89   401221 7753.89   0 0   0 0   401221 7753.89   401221 7753.89   401221 7753.89   0 0   0 0   391912 7687.18   391912 7687.18   391912 7687.18   0 0   0 0   391912 7687.18   391912 7687.18   391912 7687.18   0 0   0 0
#--- Sun direction: 216 0 (0.809017 0.587785 -0)
7 1 2 10000 0
2.31913e+06 0
1.10407e+06 9341.12
0.700853 0.00291577
485561 8513.97
35741.8 2136.04
0 0
0 0
target 2 420000   514785 8113.73   514785 8113.73   514785 8113.73   0 0   0 0   514785 8113.73   514785 8113.73   514785 8113.73   0 0   0 0   0.221973 0.00349861   589281 9060.6   589281 9060.6   589281 9060.6   0 0   0 0   589281 9060.6   589281 9060.6   589281 9060.6   0 0   0 0   0.254096 0.0039069
reflector 6 1.33513e+06 5699   0.619222 0.00484332   485561 8513.97
aux 10 984000 4301   0.809017 8.79997e-10   0 0
2 6   114964 3999.53   114964 3999.53   114964 3999.53   0 0   0 0   114964 3999.53   114964 3999.53   114964 3999.53   0 0   0 0   204469 6359.24   204469 6359.24   204469 6359.24   0 0   0 0   204469 6359.24   204469 6359.24   204469 6359.24   0 0   0 0
2 10   399821 7683.06   399821 7683.06   399821 7683.06   0 0   0 0   399821 7683.06   399821 7683.06   399821 7683.06   0 0   0 0   384812 7575.68   384812 7575.68   384812 7575.68   0 0   0 0   384812 7575.68   384812 7575.68   384812 7575.68   0 0   0 0
#--- Sun direction: 217 0 (0.798636 0.601815 -0)
7 1 2 10000 0
2.31913e+06 0
1.08266e+06 9287.73
0.69589 0.00290214
492860 8551.97
38335.3 2168.06
0 0
0 0
target 2 420000   501572 7997.18   501572 7997.18   501572 7997.18   0 0   0 0   501572 7997.18   501572 7997.18   501572 7997.18   0 0   0 0   0.216276 0.00344835   581092 8977.69   581092 8977.69   581092 8977.69   0 0   0 0   581092 8977.69   581092 8977.69   581092 8977.69   0 0   0 0   0.250565 0.00387115
reflector 6 1.33513e+06 5690   0.618063 0.00485226   492860 8551.97
aux 10 984000 4310   0.798636 1.61297e-09   0 0
2 6   107807 3875.48   107807 3875.48   107807 3875.48   0 0   0 0   107807 3875.48   107807 3875.48   107807 3875.48   0 0   0 0   199366 6300   199366 6300   199366 6300   0 0   0 0   199366 6300   199366 6300   199366 6300   0 0   0 0
2 10   393765 7577.97   393765 7577.97   393765 7577.97   0 0   0 0   393765 7577.97   393765 7577.97   393765 7577.97   0 0   0 0   381726 7491.96   381726 7491.96   381726 7491.96   0 0   0 0   381726 7491.96   381726 7491.96   381726 7491.96   0 0   0 0
#--- Sun direction: 218 0 (0.788011 0.615661 -0)
7 1 2 10000 0
2.31913e+06 0
1.06086e+06 9241.67
0.690013 0.00289261
498358 8557.3
41011.1 2211.93
0 0
0 0
target 2 420000   488388 7887.11   488388 7887.11   488388 7887.11   0 0   0 0   488388 7887.11   488388 7887.11   488388 7887.11   0 0   0 0   0.210591 0.00340089   572472 8894.91   572472 8894.91   572472 8894.91   0 0   0 0   572472 8894.91   572472 8894.91   572472 8894.91   0 0   0 0   0.246848 0.00383546
reflector 6 1.33513e+06 5681   0.61551 0.0048645   498358 8557.3
aux 10 984000 4319   0.788011 0   0 0
2 6   98948.1 3729.57   98948.1 3729.57   98948.1 3729.57   0 0   0 0   98948.1 3729.57   98948.1 3729.57   98948.1 3729.57   0 0   0 0   196190 6267.17   196190 6267.17   196190 6267.17   0 0   0 0   196190 6267.17   196190 6267.17   196190 6267.17   0 0   0 0
2 10   389440 7483.56   389440 7483.56   389440 7483.56   0 0   0 0   389440 7483.56   389440 7483.56   389440 7483.56   0 0   0 0   376282 7389.63   376282 7389.63   376282 7389.63   0 0   0 0   376282 7389.63   376282 7389.63   376282 7389.63   0 0   0 0
#--- Sun direction: 219 0 (0.777146 0.62932 -0)
7 1 2 10000 0
2.31913e+06 0
1.04194e+06 9184.25
0.684407 0.0028722
501367 8541.6
43920 2257.21
0 0
0 0
target 2 420000   476790 7774.79   476790 7774.79   476790 7774.79   0 0   0 0   476790 7774.79   476790 7774.79   476790 7774.79   0 0   0 0   0.20559 0.00335246   565152 8820.13   565152 8820.13   565152 8820.13   0 0   0 0   565152 8820.13   565152 8820.13   565152 8820.13   0 0   0 0   0.243692 0.00380321
reflector 6 1.33513e+06 5673   0.613672 0.00485746   501367 8541.6
aux 10 984000 4327   0.777146 0   0 0
2 6   91818.1 3599.12   91818.1 3599.12   91818.1 3599.12   0 0   0 0   91818.1 3599.12   91818.1 3599.12   91818.1 3599.12   0 0   0 0   194599 6258.01   194599 6258.01   194599 6258.01   0 0   0 0   194599 6258.01   194599 6258.01   194599 6258.01   0 0   0 0
2 10   384972 7386.69   384972 7386.69   384972 7386.69   0 0   0 0   384972 7386.69   384972 7386.69   384972 7386.69   0 0   0 0   370553 7283.81   370553 7283.81   370553 7283.81   0 0   0 0   370553 7283.81   370553 7283.81   370553 7283.81   0 0   0 0
#--- Sun direction: 220 0 (0.766044 0.642788 -0)
7 1 2 10000 0
2.31913e+06 0
1.02083e+06 9115.84
0.679677 0.00284957
510180 8575.88
45244.2 2245.87
0 0
0 0
target 2 420000   466851 7666.72   466851 7666.72   466851 7666.72   0 0   0 0   466851 7666.72   466851 7666.72   466851 7666.72   0 0   0 0   0.201304 0.00330586   553982 8720.4   553982 8720.4   553982 8720.4   0 0   0 0   553982 8720.4   553982 8720.4   553982 8720.4   0 0   0 0   0.238875 0.00376021
reflector 6 1.33513e+06 5670   0.61372 0.00484621   510180 8575.88
aux 10 984000 4330   0.766044 5.54692e-10   0 0
2 6   85424.5 3475.82   85424.5 3475.82   85424.5 3475.82   0 0   0 0   85424.5 3475.82   85424.5 3475.82   85424.5 3475.82   0 0   0 0   189788 6199.35   189788 6199.35   189788 6199.35   0 0   0 0   189788 6199.35   189788 6199.35   189788 6199.35   0 0   0 0
2 10   381427 7294.79   381427 7294.79   381427 7294.79   0 0   0 0   381427 7294.79   381427 7294.79   381427 7294.79   0 0   0 0   364194 7171.98   364194 7171.98   364194 7171.98   0 0   0 0   364194 7171.98   364194 7171.98   364194 7171.98   0 0   0 0
#--- Sun direction: 221 0 (0.75471 0.656059 -0)
7 1 2 10000 0
2.31913e+06 0
1.00252e+06 9045.23
0.673875 0.00282676
512504 8558.61
47778.7 2268.58
0 0
0 0
target 2 420000   457657 7558.98   457657 7558.98   457657 7558.98   0 0   0 0   457657 7558.98   457657 7558.98   457657 7558.98   0 0   0 0   0.19734 0.00325941   544863 8634.23   544863 8634.23   544863 8634.23   0 0   0 0   544863 8634.23   544863 8634.23   544863 8634.23   0 0   0 0   0.234943 0.00372305
reflector 6 1.33513e+06 5664   0.611993 0.00483201   512504 8558.61
aux 10 984000 4336   0.75471 1.6706e-09   0 0
2 6   79773.8 3362.61   79773.8 3362.61   79773.8 3362.61   0 0   0 0   79773.8 3362.61   79773.8 3362.61   79773.8 3362.61   0 0   0 0   187458 6178.03   187458 6178.03   187458 6178.03   0 0   0 0   187458 6178.03   187458 6178.03   187458 6178.03   0 0   0 0
2 10   377883 7201.4   377883 7201.4   377883 7201.4   0 0   0 0   377883 7201.4   377883 7201.4   377883 7201.4   0 0   0 0   357405 7055.61   357405 7055.61   357405 7055.61   0 0   0 0   357405 7055.61   357405 7055.61   357405 7055.61   0 0   0 0
#--- Sun direction: 222 0 (0.743145 0.669131 -0)
7 1 2 10000 0
2.31913e+06 0
973523 8977.21
0.667747 0.00280883
523791 8588.33
51276.8 2328.74
0 0
0 0
target 2 420000   440413 7403.92   440413 7403.92   440413 7403.92   0 0   0 0   440413 7403.92   440413 7403.92   440413 7403.92   0 0   0 0   0.189904 0.00319254   533110 8528.19   533110 8528.19   533110 8528.19   0 0   0 0   533110 8528.19   533110 8528.19   533110 8528.19   0 0   0 0   0.229875 0.00367732
reflector 6 1.33513e+06 5685   0.610519 0.00480377   523791 8588.33
aux 10 984000 4315   0.743145 9.07381e-10   0 0
2 6   72111.9 3196.81   72111.9 3196.81   72111.9 3196.81   0 0   0 0   72111.9 3196.81   72111.9 3196.81   72111.9 3196.81   0 0   0 0   182389 6113.84   182389 6113.84   182389 6113.84   0 0   0 0   182389 6113.84   182389 6113.84   182389 6113.84   0 0   0 0
2 10   368301 7064.72   368301 7064.72   368301 7064.72   0 0   0 0   368301 7064.72   368301 7064.72   368301 7064.72   0 0   0 0   350722 6938.63   350722 6938.63   350722 6938.63   0 0   0 0   350722 6938.63   350722 6938.63   350722 6938.63   0 0   0 0
#--- Sun direction: 223 0 (0.731354 0.681998 -0)
7 1 2 10000 0
2.31913e+06 0
950168 8899.8
0.662627 0.0027793
532552 8603.44
53996.5 2352.53
0 0
0 0
target 2 420000   424742 7257.15   424742 7257.15   424742 7257.15   0 0   0 0   424742 7257.15   424742 7257.15   424742 7257.15   0 0   0 0   0.183147 0.00312926   525426 8436.49   525426 8436.49   525426 8436.49   0 0   0 0   525426 8436.49   525426 8436.49   525426 8436.49   0 0   0 0   0.226562 0.00363778
reflector 6 1.33513e+06 5680   0.610355 0.00477799   532552 8603.44
aux 10 984000 4320   0.731354 0   0 0
2 6   63810.9 3013.64   63810.9 3013.64   63810.9 3013.64   0 0   0 0   63810.9 3013.64   63810.9 3013.64   63810.9 3013.64   0 0   0 0   178064 6057.62   178064 6057.62   178064 6057.62   0 0   0 0   178064 6057.62   178064 6057.62   178064 6057.62   0 0   0 0
2 10   360931 6941.94   360931 6941.94   360931 6941.94   0 0   0 0   360931 6941.94   360931 6941.94   360931 6941.94   0 0   0 0   347362 6844.72   347362 6844.72   347362 6844.72   0 0   0 0   347362 6844.72   347362 6844.72   347362 6844.72   0 0   0 0
#--- Sun direction: 224 0 (0.71934 0.694658 -0)
7 1 2 10000 0
2.31913e+06 0
929060 8825.21
0.656425 0.00275849
536754 8584.17
56519.3 2378.58
0 0
0 0
target 2 420000   412745 7128.42   412745 7128.42   412745 7128.42   0 0   0 0   412745 7128.42   412745 7128.42   412745 7128.42   0 0   0 0   0.177974 0.00307375   516314 8348.12   516314 8348.12   516314 8348.12   0 0   0 0   516314 8348.12   516314 8348.12   516314 8348.12   0 0   0 0   0.222633 0.00359968
reflector 6 1.33513e+06 5677   0.608515 0.00476184   536754 8584.17
aux 10 984000 4323   0.71934 0   0 0
2 6   55741.8 2825.37   55741.8 2825.37   55741.8 2825.37   0 0   0 0   55741.8 2825.37   55741.8 2825.37   55741.8 2825.37   0 0   0 0   176493 6045.15   176493 6045.15   176493 6045.15   0 0   0 0   176493 6045.15   176493 6045.15   176493 6045.15   0 0   0 0
2 10   357004 6841.91   357004 6841.91   357004 6841.91   0 0   0 0   357004 6841.91   357004 6841.91   357004 6841.91   0 0   0 0   339821 6718.82   339821 6718.82   339821 6718.82   0 0   0 0   339821 6718.82   339821 6718.82   339821 6718.82   0 0   0 0
#--- Sun direction: 225 0 (0.707107 0.707107 -0)
7 1 2 10000 0
2.31913e+06 0
906649 8747.15
0.652314 0.00272551
547302 8604.49
58848.9 2399.48
0 0
0 0
target 2 420000   396284 6969.41   396284 6969.41   396284 6969.41   0 0   0 0   396284 6969.41   396284 6969.41   396284 6969.41   0 0   0 0   0.170876 0.00300519   510366 8269.82   510366 8269.82   510366 8269.82   0 0   0 0   510366 8269.82   510366 8269.82   510366 8269.82   0 0   0 0   0.220068 0.00356591
reflector 6 1.33513e+06 5672   0.610505 0.00473052   547302 8604.49
aux 10 984000 4328   0.707107 0   0 0
2 6   46006.9 2573.76   46006.9 2573.76   46006.9 2573.76   0 0   0 0   46006.9 2573.76   46006.9 2573.76   46006.9 2573.76   0 0   0 0   175012 6031.63   175012 6031.63   175012 6031.63   0 0   0 0   175012 6031.63   175012 6031.63   175012 6031.63   0 0   0 0
2 10   350277 6720.97   350277 6720.97   350277 6720.97   0 0   0 0   350277 6720.97   350277 6720.97   350277 6720.97   0 0   0 0   335354 6614.19   335354 6614.19   335354 6614.19   0 0   0 0   335354 6614.19   335354 6614.19   335354 6614.19   0 0   0 0
