#--- Sun direction: 135 0 (0.707107 -0.707107 -0)
7 1 2 10000 0
2.31913e+06 0
900460 8762.24
0.651388 0.00273537
551942 8622.71
58251.3 2331.38
0 0
0 0
target 2 420000   504005 8254.11   504005 8254.11   504005 8254.11   0 0   0 0   504005 8254.11   504005 8254.11   504005 8254.11   0 0   0 0   0.217325 0.00355914   396455 6972.06   396455 6972.06   396455 6972.06   0 0   0 0   396455 6972.06   396455 6972.06   396455 6972.06   0 0   0 0   0.17095 0.00300633
reflector 6 1.33513e+06 5733   0.609917 0.00469702   551942 8622.71
aux 10 984000 4267   0.707107 0   0 0
2 6   176030 6053.94   176030 6053.94   176030 6053.94   0 0   0 0   176030 6053.94   176030 6053.94   176030 6053.94   0 0   0 0   45850.2 2573.4   45850.2 2573.4   45850.2 2573.4   0 0   0 0   45850.2 2573.4   45850.2 2573.4   45850.2 2573.4   0 0   0 0
2 10   327974 6559.49   327974 6559.49   327974 6559.49   0 0   0 0   327974 6559.49   327974 6559.49   327974 6559.49   0 0   0 0   350605 6723.27   350605 6723.27   350605 6723.27   0 0   0 0   350605 6723.27   350605 6723.27   350605 6723.27   0 0   0 0
